1.008717e+00 1.000086e+00 9.803658e-01 9.998910e-01
1.025959e+00 1.000353e+00 9.662892e-01 9.996063e-01
1.049808e+00 1.000836e+00 9.571310e-01 9.991519e-01
1.055010e+00 1.001433e+00 8.925036e-01 9.984567e-01
1.066579e+00 1.002226e+00 9.162040e-01 9.976526e-01
1.094538e+00 1.003814e+00 8.939104e-01 9.962963e-01
1.152906e+00 1.005753e+00 8.577088e-01 9.951673e-01
1.177982e+00 1.008297e+00 7.711752e-01 9.936630e-01
1.203162e+00 1.011072e+00 7.390286e-01 9.922020e-01
1.211483e+00 1.013566e+00 7.453213e-01 9.911692e-01
1.231687e+00 1.016236e+00 7.159174e-01 9.900755e-01
1.246922e+00 1.019150e+00 7.041623e-01 9.888184e-01
1.274767e+00 1.021732e+00 7.112469e-01 9.882011e-01
1.291682e+00 1.024199e+00 7.033462e-01 9.877708e-01
1.305872e+00 1.025865e+00 7.292515e-01 9.877899e-01
1.321382e+00 1.027168e+00 7.302971e-01 9.878788e-01
1.338263e+00 1.027789e+00 7.508715e-01 9.878595e-01
1.363465e+00 1.027849e+00 7.388966e-01 9.877853e-01
1.369132e+00 1.026972e+00 7.514337e-01 9.880262e-01
1.359187e+00 1.025127e+00 7.487611e-01 9.885003e-01
1.338721e+00 1.023087e+00 7.508435e-01 9.888996e-01
1.309228e+00 1.020869e+00 7.595056e-01 9.894478e-01
1.298658e+00 1.018828e+00 7.783431e-01 9.899550e-01
1.304083e+00 1.016916e+00 7.851763e-01 9.904161e-01
1.293548e+00 1.015476e+00 7.911854e-01 9.907432e-01
1.269592e+00 1.014305e+00 7.997332e-01 9.910176e-01
1.242362e+00 1.013455e+00 8.080193e-01 9.912706e-01
1.229143e+00 1.012878e+00 8.144401e-01 9.913843e-01
1.234347e+00 1.012555e+00 8.201903e-01 9.914614e-01
1.238860e+00 1.012448e+00 8.267590e-01 9.914920e-01
1.240571e+00 1.012376e+00 8.283095e-01 9.915649e-01
1.239440e+00 1.012450e+00 8.328043e-01 9.916168e-01
1.248348e+00 1.012653e+00 8.356841e-01 9.916812e-01
1.258000e+00 1.012951e+00 8.324958e-01 9.917040e-01
1.264911e+00 1.013433e+00 8.270512e-01 9.917020e-01
1.267144e+00 1.014020e+00 8.200612e-01 9.916081e-01
1.267074e+00 1.014627e+00 8.057013e-01 9.915129e-01
1.268298e+00 1.015185e+00 7.918791e-01 9.914370e-01
1.268183e+00 1.015776e+00 7.872413e-01 9.912877e-01
1.266333e+00 1.016362e+00 7.865859e-01 9.911029e-01
1.262296e+00 1.016856e+00 7.893926e-01 9.909516e-01
1.258063e+00 1.017202e+00 7.898220e-01 9.908325e-01
1.253482e+00 1.017338e+00 7.905896e-01 9.908017e-01
1.248148e+00 1.017343e+00 7.923018e-01 9.907512e-01
1.245061e+00 1.017161e+00 7.963361e-01 9.908344e-01
1.236595e+00 1.016874e+00 7.982043e-01 9.909383e-01
1.233605e+00 1.016508e+00 7.973777e-01 9.910856e-01
1.228638e+00 1.016109e+00 7.962424e-01 9.912322e-01
1.222538e+00 1.015655e+00 7.939595e-01 9.913848e-01
