1 1.201640e-02 2.578228e-02 2.938349e+00 1.286518e-02
2 2.490727e-03 6.091346e-03 2.141666e+00 2.868167e-03
3 1.828852e-03 5.634596e-03 1.876182e+00 2.216941e-03
4 2.534107e-03 7.277888e-03 1.740455e+00 2.925739e-03
5 2.547151e-03 7.197440e-03 1.658632e+00 2.897123e-03
6 2.280365e-03 6.267448e-03 1.604021e+00 2.566496e-03
7 1.982834e-03 5.310377e-03 1.565414e+00 2.218558e-03
8 1.715952e-03 4.466138e-03 1.537092e+00 1.910679e-03
9 1.484298e-03 3.725292e-03 1.515741e+00 1.646617e-03
10 1.283496e-03 3.078704e-03 1.499333e+00 1.419331e-03
11 1.107960e-03 2.478595e-03 1.486553e+00 1.220902e-03
12 9.593614e-04 2.302963e-03 1.476475e+00 1.056305e-03
13 8.341279e-04 2.194461e-03 1.468413e+00 9.211991e-04
14 7.324932e-04 2.110177e-03 1.461856e+00 8.153213e-04
15 6.514922e-04 2.019836e-03 1.456423e+00 7.312479e-04
16 5.871357e-04 1.939020e-03 1.451822e+00 6.670442e-04
17 5.370552e-04 1.840666e-03 1.447835e+00 6.148461e-04
18 4.953469e-04 1.753999e-03 1.444308e+00 5.741993e-04
19 4.620208e-04 1.678607e-03 1.441132e+00 5.412047e-04
20 4.338725e-04 1.592116e-03 1.438232e+00 5.122602e-04
21 4.094511e-04 1.519632e-03 1.435555e+00 4.878373e-04
22 3.890039e-04 1.454613e-03 1.433064e+00 4.666489e-04
23 3.703680e-04 1.391605e-03 1.430741e+00 4.481142e-04
24 3.550682e-04 1.342173e-03 1.428581e+00 4.322197e-04
25 3.421112e-04 1.303371e-03 1.426567e+00 4.187627e-04
26 3.319199e-04 1.254868e-03 1.424670e+00 4.058257e-04
27 3.214237e-04 1.217037e-03 1.422857e+00 3.950765e-04
28 3.130291e-04 1.186267e-03 1.421109e+00 3.852364e-04
29 3.057365e-04 1.146767e-03 1.419429e+00 3.754496e-04
30 2.980490e-04 1.117166e-03 1.417830e+00 3.672836e-04
31 2.920300e-04 1.088137e-03 1.416323e+00 3.593619e-04
32 2.866319e-04 1.067017e-03 1.414907e+00 3.523491e-04
33 2.806716e-04 1.041027e-03 1.413570e+00 3.458326e-04
34 2.759970e-04 1.021985e-03 1.412294e+00 3.394765e-04
35 2.713262e-04 1.006795e-03 1.411060e+00 3.337648e-04
36 2.676472e-04 9.881998e-04 1.409854e+00 3.278670e-04
37 2.633567e-04 9.749330e-04 1.408664e+00 3.228143e-04
38 2.596738e-04 9.607107e-04 1.407483e+00 3.179516e-04
39 2.554976e-04 9.597493e-04 1.406303e+00 3.141143e-04
40 2.526959e-04 9.495947e-04 1.405126e+00 3.094546e-04
41 2.488080e-04 9.359486e-04 1.403966e+00 3.052523e-04
42 2.453177e-04 9.237059e-04 1.402845e+00 3.012376e-04
43 2.423363e-04 9.099419e-04 1.401770e+00 2.972722e-04
44 2.393317e-04 9.054289e-04 1.400733e+00 2.939810e-04
45 2.365043e-04 9.119814e-04 1.399708e+00 2.914606e-04
46 2.338862e-04 9.142779e-04 1.398665e+00 2.889659e-04
47 2.314003e-04 9.199993e-04 1.397576e+00 2.869768e-04
48 2.298152e-04 9.344007e-04 1.396432e+00 2.852904e-04
49 2.273337e-04 9.422202e-04 1.395258e+00 2.836755e-04
50 2.249143e-04 9.383383e-04 1.394111e+00 2.813737e-04
51 2.226496e-04 9.397551e-04 1.393034e+00 2.793884e-04
52 2.205450e-04 9.347647e-04 1.392028e+00 2.771234e-04
53 2.182521e-04 9.361903e-04 1.391077e+00 2.752966e-04
54 2.161281e-04 9.335978e-04 1.390164e+00 2.732486e-04
55 2.144600e-04 9.280017e-04 1.389280e+00 2.708659e-04
56 2.118739e-04 9.314229e-04 1.388421e+00 2.694031e-04
57 2.099258e-04 9.296674e-04 1.387583e+00 2.674746e-04
58 2.085929e-04 9.217204e-04 1.386767e+00 2.650183e-04
59 2.070252e-04 9.157229e-04 1.385972e+00 2.629012e-04
60 2.047963e-04 9.157496e-04 1.385198e+00 2.614735e-04
61 2.032688e-04 9.081377e-04 1.384443e+00 2.594895e-04
62 2.014359e-04 9.043925e-04 1.383709e+00 2.578352e-04
63 1.995727e-04 9.026471e-04 1.382993e+00 2.566812e-04
64 1.984536e-04 8.958379e-04 1.382296e+00 2.545750e-04
65 1.966684e-04 8.932085e-04 1.381616e+00 2.533104e-04
66 1.954599e-04 8.883307e-04 1.380952e+00 2.516834e-04
67 1.939321e-04 8.818362e-04 1.380302e+00 2.503351e-04
68 1.929277e-04 8.707827e-04 1.379666e+00 2.483018e-04
69 1.913909e-04 8.685593e-04 1.379043e+00 2.471452e-04
70 1.903059e-04 8.596221e-04 1.378431e+00 2.454853e-04
71 1.893911e-04 8.518048e-04 1.377829e+00 2.438288e-04
72 1.881265e-04 8.525584e-04 1.377237e+00 2.428927e-04
73 1.868015e-04 8.434428e-04 1.376653e+00 2.413125e-04
74 1.855122e-04 8.425172e-04 1.376076e+00 2.405261e-04
75 1.847087e-04 8.274853e-04 1.375505e+00 2.383447e-04
76 1.834236e-04 8.239624e-04 1.374938e+00 2.372902e-04
77 1.826985e-04 8.128467e-04 1.374375e+00 2.354564e-04
78 1.816143e-04 8.086239e-04 1.373815e+00 2.343322e-04
79 1.804122e-04 8.040419e-04 1.373256e+00 2.331352e-04
80 1.794786e-04 7.946508e-04 1.372697e+00 2.315879e-04
81 1.787346e-04 7.806078e-04 1.372139e+00 2.297475e-04
82 1.773880e-04 7.824699e-04 1.371581e+00 2.290519e-04
83 1.766586e-04 7.678933e-04 1.371022e+00 2.269181e-04
84 1.755443e-04 7.623753e-04 1.370463e+00 2.258147e-04
85 1.745633e-04 7.607311e-04 1.369903e+00 2.250079e-04
86 1.737104e-04 7.479100e-04 1.369343e+00 2.230530e-04
87 1.731805e-04 7.411384e-04 1.368783e+00 2.217667e-04
88 1.720775e-04 7.387892e-04 1.368222e+00 2.209813e-04
89 1.709304e-04 7.299029e-04 1.367661e+00 2.195539e-04
90 1.698845e-04 7.249084e-04 1.367098e+00 2.184754e-04
91 1.693730e-04 7.118492e-04 1.366535e+00 2.166472e-04
92 1.680191e-04 7.106207e-04 1.365971e+00 2.159318e-04
93 1.669542e-04 7.014951e-04 1.365407e+00 2.144146e-04
94 1.661261e-04 6.941519e-04 1.364843e+00 2.131563e-04
95 1.651507e-04 6.869397e-04 1.364281e+00 2.118038e-04
96 1.640628e-04 6.823561e-04 1.363720e+00 2.107578e-04
97 1.630588e-04 6.752810e-04 1.363161e+00 2.093907e-04
98 1.620542e-04 6.665595e-04 1.362603e+00 2.079492e-04
99 1.612937e-04 6.626113e-04 1.362048e+00 2.068285e-04
100 1.602657e-04 6.567391e-04 1.361495e+00 2.056929e-04
101 1.591629e-04 6.508433e-04 1.360944e+00 2.044377e-04
102 1.587058e-04 6.386778e-04 1.360395e+00 2.027095e-04
103 1.577083e-04 6.366197e-04 1.359848e+00 2.017731e-04
104 1.567412e-04 6.310930e-04 1.359303e+00 2.005724e-04
105 1.558709e-04 6.311553e-04 1.358760e+00 1.998574e-04
106 1.549415e-04 6.239151e-04 1.358219e+00 1.985654e-04
107 1.540836e-04 6.139571e-04 1.357681e+00 1.969146e-04
108 1.530553e-04 6.108733e-04 1.357144e+00 1.958288e-04
109 1.521840e-04 6.052925e-04 1.356608e+00 1.946279e-04
110 1.514845e-04 5.992663e-04 1.356075e+00 1.932913e-04
111 1.507975e-04 5.969933e-04 1.355543e+00 1.923117e-04
112 1.496522e-04 5.885162e-04 1.355012e+00 1.908618e-04
113 1.488721e-04 5.842217e-04 1.354483e+00 1.896500e-04
114 1.478813e-04 5.832335e-04 1.353954e+00 1.887831e-04
115 1.470808e-04 5.756860e-04 1.353426e+00 1.873164e-04
116 1.460198e-04 5.720809e-04 1.352897e+00 1.861982e-04
117 1.451611e-04 5.694161e-04 1.352369e+00 1.850724e-04
118 1.441507e-04 5.640718e-04 1.351839e+00 1.838372e-04
119 1.432735e-04 5.563832e-04 1.351309e+00 1.821678e-04
120 1.422849e-04 5.531819e-04 1.350776e+00 1.808968e-04
121 1.411552e-04 5.489687e-04 1.350242e+00 1.795380e-04
122 1.400560e-04 5.430873e-04 1.349706e+00 1.780583e-04
123 1.390846e-04 5.353177e-04 1.349167e+00 1.763893e-04
124 1.377303e-04 5.325141e-04 1.348627e+00 1.751281e-04
125 1.368493e-04 5.283546e-04 1.348084e+00 1.736442e-04
126 1.355483e-04 5.235456e-04 1.347539e+00 1.722109e-04
127 1.346060e-04 5.208646e-04 1.346993e+00 1.709160e-04
128 1.334052e-04 5.173333e-04 1.346445e+00 1.695297e-04
129 1.322197e-04 5.097199e-04 1.345896e+00 1.677628e-04
130 1.311954e-04 5.065223e-04 1.345346e+00 1.664968e-04
131 1.300354e-04 5.003368e-04 1.344794e+00 1.648583e-04
132 1.290214e-04 4.968092e-04 1.344241e+00 1.635291e-04
133 1.281438e-04 4.936562e-04 1.343687e+00 1.622803e-04
134 1.272031e-04 4.832367e-04 1.343131e+00 1.603813e-04
135 1.259507e-04 4.846938e-04 1.342573e+00 1.595580e-04
136 1.250591e-04 4.767075e-04 1.342013e+00 1.578690e-04
137 1.241393e-04 4.741842e-04 1.341451e+00 1.566784e-04
138 1.232108e-04 4.669727e-04 1.340886e+00 1.551504e-04
139 1.223488e-04 4.636816e-04 1.340318e+00 1.539696e-04
140 1.216642e-04 4.559349e-04 1.339747e+00 1.524340e-04
141 1.207470e-04 4.525883e-04 1.339173e+00 1.512443e-04
142 1.200401e-04 4.486543e-04 1.338596e+00 1.500548e-04
143 1.193201e-04 4.474753e-04 1.338015e+00 1.491791e-04
144 1.187062e-04 4.400239e-04 1.337431e+00 1.478244e-04
145 1.178678e-04 4.345303e-04 1.336845e+00 1.465643e-04
146 1.172149e-04 4.314941e-04 1.336258e+00 1.455805e-04
147 1.167572e-04 4.286206e-04 1.335669e+00 1.446259e-04
148 1.161215e-04 4.235517e-04 1.335081e+00 1.435337e-04
149 1.153896e-04 4.189643e-04 1.334494e+00 1.425315e-04
150 1.147110e-04 4.141800e-04 1.333910e+00 1.415095e-04
151 1.142509e-04 4.107314e-04 1.333331e+00 1.405345e-04
152 1.137935e-04 4.068872e-04 1.332759e+00 1.395366e-04
153 1.130050e-04 4.046463e-04 1.332194e+00 1.386737e-04
154 1.124184e-04 3.988904e-04 1.331638e+00 1.375440e-04
155 1.117264e-04 3.971276e-04 1.331092e+00 1.367005e-04
156 1.111396e-04 3.913780e-04 1.330556e+00 1.355549e-04
157 1.104583e-04 3.935979e-04 1.330031e+00 1.350156e-04
158 1.098927e-04 3.836840e-04 1.329516e+00 1.335245e-04
159 1.091180e-04 3.847947e-04 1.329011e+00 1.329033e-04
160 1.085325e-04 3.803590e-04 1.328516e+00 1.319280e-04
161 1.078908e-04 3.782103e-04 1.328030e+00 1.310704e-04
162 1.072763e-04 3.722423e-04 1.327551e+00 1.299679e-04
163 1.066330e-04 3.683028e-04 1.327079e+00 1.291305e-04
164 1.064221e-04 3.665134e-04 1.326612e+00 1.283880e-04
165 1.056871e-04 3.623107e-04 1.326150e+00 1.275402e-04
166 1.052336e-04 3.597944e-04 1.325690e+00 1.268426e-04
167 1.050297e-04 3.603419e-04 1.325233e+00 1.264324e-04
168 1.043569e-04 3.547825e-04 1.324777e+00 1.255781e-04
169 1.040795e-04 3.528373e-04 1.324321e+00 1.250356e-04
170 1.037059e-04 3.514242e-04 1.323863e+00 1.246281e-04
171 1.035294e-04 3.462049e-04 1.323403e+00 1.239238e-04
172 1.032707e-04 3.442089e-04 1.322941e+00 1.235015e-04
173 1.028202e-04 3.409411e-04 1.322476e+00 1.230418e-04
174 1.028367e-04 3.382588e-04 1.322007e+00 1.226146e-04
175 1.027357e-04 3.393121e-04 1.321537e+00 1.225252e-04
176 1.026485e-04 3.345913e-04 1.321064e+00 1.220419e-04
177 1.024307e-04 3.319087e-04 1.320590e+00 1.217284e-04
178 1.019427e-04 3.259304e-04 1.320117e+00 1.212311e-04
179 1.020081e-04 3.248220e-04 1.319646e+00 1.209958e-04
180 1.016008e-04 3.199242e-04 1.319178e+00 1.205901e-04
181 1.015905e-04 3.195551e-04 1.318714e+00 1.204041e-04
182 1.015606e-04 3.174752e-04 1.318255e+00 1.200115e-04
183 1.014443e-04 3.156377e-04 1.317803e+00 1.194685e-04
184 1.010725e-04 3.158004e-04 1.317358e+00 1.190698e-04
185 1.007358e-04 3.159459e-04 1.316922e+00 1.186328e-04
186 1.009126e-04 3.172054e-04 1.316496e+00 1.182782e-04
187 1.003625e-04 3.141225e-04 1.316080e+00 1.176548e-04
188 1.001388e-04 3.139672e-04 1.315675e+00 1.172472e-04
189 9.988722e-05 3.179325e-04 1.315281e+00 1.170403e-04
190 9.950483e-05 3.149079e-04 1.314900e+00 1.164731e-04
191 9.943636e-05 3.162392e-04 1.314529e+00 1.161744e-04
192 9.937638e-05 3.135434e-04 1.314171e+00 1.157385e-04
193 9.898975e-05 3.179176e-04 1.313823e+00 1.156805e-04
194 9.874142e-05 3.169846e-04 1.313486e+00 1.153150e-04
195 9.866034e-05 3.158899e-04 1.313160e+00 1.149576e-04
196 9.859051e-05 3.155073e-04 1.312843e+00 1.147045e-04
197 9.811100e-05 3.123467e-04 1.312535e+00 1.142413e-04
198 9.812408e-05 3.140407e-04 1.312235e+00 1.141405e-04
199 9.767340e-05 3.137134e-04 1.311944e+00 1.138812e-04
200 9.746353e-05 3.129102e-04 1.311660e+00 1.135927e-04
201 9.741409e-05 3.094745e-04 1.311382e+00 1.132160e-04
202 9.727490e-05 3.131912e-04 1.311112e+00 1.132583e-04
203 9.686410e-05 3.085731e-04 1.310847e+00 1.127553e-04
204 9.701876e-05 3.093853e-04 1.310587e+00 1.126598e-04
205 9.673807e-05 3.095540e-04 1.310333e+00 1.124762e-04
206 9.622327e-05 3.074995e-04 1.310083e+00 1.120817e-04
207 9.627575e-05 3.070498e-04 1.309837e+00 1.118993e-04
208 9.570817e-05 3.034768e-04 1.309596e+00 1.114936e-04
209 9.575926e-05 3.045809e-04 1.309357e+00 1.113753e-04
210 9.553340e-05 3.052802e-04 1.309122e+00 1.112163e-04
211 9.516692e-05 3.006267e-04 1.308890e+00 1.107616e-04
212 9.484109e-05 2.999240e-04 1.308660e+00 1.104837e-04
213 9.482408e-05 2.998569e-04 1.308433e+00 1.103136e-04
214 9.474229e-05 2.998033e-04 1.308208e+00 1.102016e-04
215 9.451671e-05 2.977344e-04 1.307984e+00 1.098961e-04
216 9.414261e-05 2.937310e-04 1.307762e+00 1.094742e-04
217 9.417769e-05 2.957970e-04 1.307541e+00 1.094311e-04
218 9.373015e-05 2.901647e-04 1.307321e+00 1.089317e-04
219 9.356972e-05 2.880998e-04 1.307101e+00 1.087650e-04
220 9.355392e-05 2.876827e-04 1.306882e+00 1.085381e-04
221 9.345811e-05 2.873955e-04 1.306664e+00 1.084139e-04
222 9.332292e-05 2.853110e-04 1.306445e+00 1.081746e-04
223 9.316331e-05 2.837046e-04 1.306226e+00 1.079269e-04
224 9.282333e-05 2.779124e-04 1.306006e+00 1.075064e-04
225 9.297156e-05 2.795868e-04 1.305786e+00 1.074901e-04
226 9.277954e-05 2.756527e-04 1.305565e+00 1.071871e-04
227 9.269502e-05 2.745262e-04 1.305343e+00 1.071463e-04
228 9.280461e-05 2.734648e-04 1.305119e+00 1.069417e-04
229 9.291821e-05 2.727934e-04 1.304894e+00 1.069381e-04
230 9.265473e-05 2.685025e-04 1.304666e+00 1.065514e-04
231 9.269411e-05 2.679461e-04 1.304437e+00 1.063637e-04
232 9.233923e-05 2.726795e-04 1.304206e+00 1.059676e-04
233 9.253261e-05 2.692099e-04 1.303973e+00 1.061447e-04
234 9.225699e-05 2.737876e-04 1.303736e+00 1.057077e-04
235 9.235783e-05 2.745626e-04 1.303498e+00 1.054874e-04
236 9.221735e-05 2.757992e-04 1.303257e+00 1.053213e-04
237 9.217259e-05 2.751219e-04 1.303013e+00 1.051695e-04
238 9.210763e-05 2.780314e-04 1.302766e+00 1.049236e-04
239 9.198704e-05 2.795600e-04 1.302518e+00 1.046883e-04
240 9.195078e-05 2.794393e-04 1.302266e+00 1.045233e-04
241 9.163100e-05 2.819894e-04 1.302013e+00 1.040950e-04
242 9.145662e-05 2.820312e-04 1.301759e+00 1.038163e-04
243 9.152270e-05 2.817085e-04 1.301502e+00 1.036689e-04
244 9.112566e-05 2.844112e-04 1.301245e+00 1.033357e-04
245 9.083825e-05 2.864040e-04 1.300987e+00 1.029236e-04
246 9.055406e-05 2.884658e-04 1.300728e+00 1.025494e-04
247 9.051205e-05 2.875857e-04 1.300469e+00 1.023334e-04
248 9.021869e-05 2.894859e-04 1.300210e+00 1.020090e-04
249 9.037929e-05 2.877427e-04 1.299950e+00 1.019830e-04
250 8.971498e-05 2.939646e-04 1.299691e+00 1.013821e-04
251 8.958559e-05 2.943557e-04 1.299433e+00 1.011224e-04
252 8.949269e-05 2.935845e-04 1.299174e+00 1.010284e-04
253 8.928217e-05 2.958727e-04 1.298917e+00 1.006935e-04
254 8.914518e-05 2.973308e-04 1.298660e+00 1.005060e-04
255 8.887226e-05 2.989651e-04 1.298404e+00 1.002480e-04
256 8.870710e-05 3.014369e-04 1.298150e+00 9.996916e-05
257 8.857597e-05 3.026243e-04 1.297896e+00 9.983780e-05
258 8.858954e-05 3.019789e-04 1.297643e+00 9.969670e-05
