1 9.346632e-03 2.136412e-02 2.549584e+00 1.002512e-02
2 1.430459e-03 5.874476e-03 2.002565e+00 1.717081e-03
3 1.470972e-03 6.205004e-03 1.779545e+00 1.715015e-03
4 1.919409e-03 5.403652e-03 1.637006e+00 2.132923e-03
5 1.950076e-03 4.791188e-03 1.549646e+00 2.144300e-03
6 1.855563e-03 4.294229e-03 1.494230e+00 2.028497e-03
7 1.730500e-03 3.858994e-03 1.454985e+00 1.881151e-03
8 1.614802e-03 3.541409e-03 1.424832e+00 1.752543e-03
9 1.491001e-03 3.342988e-03 1.400940e+00 1.617050e-03
10 1.379548e-03 3.237231e-03 1.381979e+00 1.498970e-03
11 1.263444e-03 3.093709e-03 1.367071e+00 1.380890e-03
12 1.147018e-03 2.933181e-03 1.355451e+00 1.257163e-03
13 1.032808e-03 2.752921e-03 1.346427e+00 1.141846e-03
14 9.264609e-04 2.574951e-03 1.339401e+00 1.030776e-03
15 8.293264e-04 2.393082e-03 1.333889e+00 9.309548e-04
16 7.452175e-04 2.211890e-03 1.329518e+00 8.430439e-04
17 6.711999e-04 2.052339e-03 1.326008e+00 7.646602e-04
18 6.057849e-04 1.910138e-03 1.323154e+00 6.977635e-04
19 5.507543e-04 1.812498e-03 1.320804e+00 6.409191e-04
20 5.021477e-04 1.707026e-03 1.318845e+00 5.884762e-04
21 4.603887e-04 1.612112e-03 1.317193e+00 5.429503e-04
22 4.222763e-04 1.515725e-03 1.315783e+00 5.033676e-04
23 3.899121e-04 1.429799e-03 1.314565e+00 4.682672e-04
24 3.621566e-04 1.359529e-03 1.313501e+00 4.386270e-04
25 3.384793e-04 1.293811e-03 1.312562e+00 4.122474e-04
26 3.176740e-04 1.227221e-03 1.311724e+00 3.888414e-04
27 2.997543e-04 1.173638e-03 1.310969e+00 3.688981e-04
28 2.833598e-04 1.123254e-03 1.310282e+00 3.516686e-04
29 2.699791e-04 1.063330e-03 1.309653e+00 3.341558e-04
30 2.580227e-04 1.023164e-03 1.309071e+00 3.209780e-04
31 2.462146e-04 9.747520e-04 1.308529e+00 3.086224e-04
32 2.362713e-04 9.334592e-04 1.308022e+00 2.976306e-04
33 2.288955e-04 8.940430e-04 1.307543e+00 2.871768e-04
34 2.214881e-04 8.646346e-04 1.307090e+00 2.788149e-04
35 2.143274e-04 8.282810e-04 1.306658e+00 2.710657e-04
36 2.087026e-04 8.050017e-04 1.306245e+00 2.643384e-04
37 2.040592e-04 7.715798e-04 1.305849e+00 2.570900e-04
38 1.993941e-04 7.493309e-04 1.305468e+00 2.516893e-04
39 1.939740e-04 7.227487e-04 1.305100e+00 2.467180e-04
40 1.910470e-04 7.004791e-04 1.304743e+00 2.413390e-04
41 1.872259e-04 6.820451e-04 1.304397e+00 2.374004e-04
42 1.839164e-04 6.625944e-04 1.304061e+00 2.336114e-04
43 1.816587e-04 6.454347e-04 1.303734e+00 2.294924e-04
44 1.786176e-04 6.358408e-04 1.303414e+00 2.262758e-04
45 1.762253e-04 6.237667e-04 1.303102e+00 2.233073e-04
46 1.739926e-04 6.119591e-04 1.302797e+00 2.202401e-04
47 1.714034e-04 6.033938e-04 1.302498e+00 2.179433e-04
48 1.700232e-04 5.882797e-04 1.302205e+00 2.151426e-04
49 1.681495e-04 5.770171e-04 1.301917e+00 2.124784e-04
50 1.667981e-04 5.635594e-04 1.301635e+00 2.103261e-04
51 1.652402e-04 5.519437e-04 1.301358e+00 2.080854e-04
52 1.634096e-04 5.426101e-04 1.301086e+00 2.061542e-04
53 1.614898e-04 5.347605e-04 1.300818e+00 2.046993e-04
54 1.606010e-04 5.206012e-04 1.300555e+00 2.027460e-04
55 1.589193e-04 5.119289e-04 1.300295e+00 2.008618e-04
56 1.580633e-04 4.988524e-04 1.300040e+00 1.995073e-04
57 1.570924e-04 4.875792e-04 1.299788e+00 1.971895e-04
58 1.555316e-04 4.911100e-04 1.299541e+00 1.962228e-04
59 1.546829e-04 4.897597e-04 1.299296e+00 1.946606e-04
60 1.533608e-04 4.879318e-04 1.299056e+00 1.934047e-04
61 1.528094e-04 4.861242e-04 1.298818e+00 1.918277e-04
62 1.516691e-04 4.842458e-04 1.298584e+00 1.905124e-04
63 1.502499e-04 4.828333e-04 1.298353e+00 1.896643e-04
64 1.495850e-04 4.818580e-04 1.298125e+00 1.885487e-04
65 1.488041e-04 4.784999e-04 1.297901e+00 1.870162e-04
66 1.480317e-04 4.782923e-04 1.297679e+00 1.859662e-04
67 1.471915e-04 4.755037e-04 1.297460e+00 1.848844e-04
68 1.466276e-04 4.731707e-04 1.297244e+00 1.837772e-04
69 1.457471e-04 4.672279e-04 1.297031e+00 1.823445e-04
70 1.449479e-04 4.641943e-04 1.296821e+00 1.814926e-04
71 1.443422e-04 4.617338e-04 1.296613e+00 1.804088e-04
72 1.432266e-04 4.625559e-04 1.296408e+00 1.800846e-04
73 1.425877e-04 4.587727e-04 1.296206e+00 1.788480e-04
74 1.423027e-04 4.576965e-04 1.296006e+00 1.778667e-04
75 1.415289e-04 4.537852e-04 1.295808e+00 1.769324e-04
76 1.412882e-04 4.499140e-04 1.295613e+00 1.760929e-04
77 1.407099e-04 4.485001e-04 1.295421e+00 1.752624e-04
78 1.396978e-04 4.470591e-04 1.295231e+00 1.746769e-04
79 1.392332e-04 4.425519e-04 1.295043e+00 1.736225e-04
80 1.383236e-04 4.370709e-04 1.294857e+00 1.729078e-04
81 1.379654e-04 4.340793e-04 1.294674e+00 1.720007e-04
82 1.372517e-04 4.313320e-04 1.294493e+00 1.712997e-04
83 1.372287e-04 4.297216e-04 1.294313e+00 1.701997e-04
84 1.363586e-04 4.309878e-04 1.294137e+00 1.699784e-04
85 1.355895e-04 4.304208e-04 1.293962e+00 1.691096e-04
86 1.353034e-04 4.277663e-04 1.293789e+00 1.686075e-04
87 1.348565e-04 4.297995e-04 1.293618e+00 1.677707e-04
88 1.340925e-04 4.299336e-04 1.293449e+00 1.673642e-04
89 1.341675e-04 4.274128e-04 1.293282e+00 1.667146e-04
90 1.332179e-04 4.324586e-04 1.293117e+00 1.659045e-04
91 1.325570e-04 4.307334e-04 1.292953e+00 1.655641e-04
92 1.323846e-04 4.284699e-04 1.292792e+00 1.651280e-04
93 1.319855e-04 4.295125e-04 1.292632e+00 1.644036e-04
94 1.313950e-04 4.326324e-04 1.292474e+00 1.636482e-04
95 1.307971e-04 4.336823e-04 1.292318e+00 1.630741e-04
96 1.302986e-04 4.325185e-04 1.292163e+00 1.626346e-04
97 1.301003e-04 4.310876e-04 1.292010e+00 1.621581e-04
98 1.299691e-04 4.321175e-04 1.291858e+00 1.615743e-04
99 1.294113e-04 4.324243e-04 1.291708e+00 1.609595e-04
100 1.285342e-04 4.307811e-04 1.291560e+00 1.608577e-04
101 1.284580e-04 4.291498e-04 1.291413e+00 1.605009e-04
102 1.280349e-04 4.340457e-04 1.291268e+00 1.594006e-04
103 1.276114e-04 4.322197e-04 1.291124e+00 1.590777e-04
104 1.271533e-04 4.282075e-04 1.290981e+00 1.590445e-04
105 1.265720e-04 4.350840e-04 1.290840e+00 1.581149e-04
106 1.265527e-04 4.325742e-04 1.290701e+00 1.576546e-04
107 1.264028e-04 4.290926e-04 1.290562e+00 1.573900e-04
108 1.256763e-04 4.303514e-04 1.290425e+00 1.569939e-04
109 1.252652e-04 4.310131e-04 1.290289e+00 1.564540e-04
110 1.252572e-04 4.276045e-04 1.290155e+00 1.562543e-04
111 1.247269e-04 4.289045e-04 1.290022e+00 1.557824e-04
112 1.243454e-04 4.271881e-04 1.289890e+00 1.554404e-04
113 1.243071e-04 4.230831e-04 1.289759e+00 1.552911e-04
114 1.241030e-04 4.229918e-04 1.289630e+00 1.547808e-04
115 1.233078e-04 4.237000e-04 1.289501e+00 1.544629e-04
116 1.230825e-04 4.243826e-04 1.289374e+00 1.538603e-04
117 1.223335e-04 4.227443e-04 1.289248e+00 1.537411e-04
118 1.221541e-04 4.241965e-04 1.289124e+00 1.531367e-04
119 1.220340e-04 4.207155e-04 1.289000e+00 1.530965e-04
120 1.217308e-04 4.223018e-04 1.288877e+00 1.524333e-04
121 1.211584e-04 4.199609e-04 1.288756e+00 1.522971e-04
122 1.208886e-04 4.200486e-04 1.288635e+00 1.517678e-04
123 1.208246e-04 4.196980e-04 1.288516e+00 1.513467e-04
124 1.201817e-04 4.198206e-04 1.288397e+00 1.510452e-04
125 1.202907e-04 4.183226e-04 1.288280e+00 1.505408e-04
126 1.198701e-04 4.146247e-04 1.288164e+00 1.505224e-04
127 1.198729e-04 4.142795e-04 1.288048e+00 1.499976e-04
128 1.193934e-04 4.169505e-04 1.287934e+00 1.495764e-04
129 1.193055e-04 4.140696e-04 1.287820e+00 1.493938e-04
