1.977158e+00 1.086717e+00 3.911451e-01 8.924005e-01
2.007756e+00 1.086983e+00 3.732501e-01 8.904600e-01
1.980322e+00 1.087137e+00 3.581989e-01 8.926484e-01
2.139209e+00 1.096992e+00 3.380660e-01 8.990848e-01
2.076900e+00 1.088509e+00 3.281850e-01 8.872992e-01
2.186869e+00 1.090235e+00 3.119498e-01 8.858146e-01
1.980322e+00 1.087137e+00 3.581989e-01 8.926484e-01
1.967880e+00 1.086744e+00 3.927746e-01 8.930972e-01
1.967880e+00 1.086744e+00 3.927746e-01 8.930972e-01
1.852857e+00 1.067539e+00 5.370054e-01 9.208115e-01
3.349087e+00 1.195633e+00 2.587856e-02 7.362286e-01
2.814277e+00 1.110614e+00 6.817499e-02 8.466647e-01
1.901446e+00 1.071516e+00 5.318141e-01 9.187311e-01
1.968284e+00 1.086747e+00 3.927504e-01 8.931060e-01
2.147563e+00 1.096124e+00 3.493037e-01 8.998655e-01
1.795093e+00 1.093474e+00 3.219491e-01 9.131640e-01
2.023781e+00 1.084964e+00 3.323350e-01 9.106454e-01
2.035850e+00 1.085086e+00 3.406194e-01 9.106575e-01
1.842848e+00 1.093679e+00 2.764973e-01 9.131491e-01
1.857489e+00 1.098180e+00 2.592900e-01 9.116572e-01
