1 2.473339e+00 5.172699e+00 2.695223e-02 2.635029e+00
2 2.194960e+00 3.941103e+00 8.627143e-03 2.325608e+00
3 2.111673e+00 3.335141e+00 2.848798e-03 2.252400e+00
4 1.620495e+00 2.830926e+00 8.788389e-04 1.744273e+00
5 1.003166e+00 1.846311e+00 4.903913e-04 1.085840e+00
6 4.015696e-01 7.432914e-01 4.585051e-04 4.363508e-01
7 2.084823e-01 4.034899e-01 4.463752e-04 2.266715e-01
8 1.184553e-01 3.263056e-01 4.410274e-04 1.295916e-01
9 7.369441e-02 2.429657e-01 4.382698e-04 8.169649e-02
10 5.019357e-02 1.913756e-01 4.366578e-04 5.641099e-02
11 3.649285e-02 1.526828e-01 4.356278e-04 4.149714e-02
12 2.781049e-02 1.209683e-01 4.349229e-04 3.190069e-02
13 2.187799e-02 9.570614e-02 4.346400e-04 2.527092e-02
14 1.952634e-02 8.522605e-02 4.342924e-04 2.262834e-02
15 1.661220e-02 7.170276e-02 4.339673e-04 1.934097e-02
16 1.382758e-02 5.856466e-02 4.337138e-04 1.619467e-02
17 1.169938e-02 4.826042e-02 4.334916e-04 1.378733e-02
18 9.902729e-03 4.034102e-02 4.333122e-04 1.174208e-02
19 8.504622e-03 3.608462e-02 4.331643e-04 1.014097e-02
20 7.398399e-03 3.244085e-02 4.330403e-04 8.866788e-03
21 6.506003e-03 2.928844e-02 4.329350e-04 7.834296e-03
22 5.771687e-03 2.655093e-02 4.328448e-04 6.984287e-03
23 5.165214e-03 2.415595e-02 4.327733e-04 6.281776e-03
24 4.702386e-03 2.226963e-02 4.327045e-04 5.744917e-03
25 4.272545e-03 2.062963e-02 4.326439e-04 5.247723e-03
26 3.901594e-03 1.915285e-02 4.325899e-04 4.822122e-03
27 3.584469e-03 1.781767e-02 4.325413e-04 4.459197e-03
28 3.314769e-03 1.660677e-02 4.324971e-04 4.150538e-03
29 3.079707e-03 1.550513e-02 4.324564e-04 3.883856e-03
30 2.873887e-03 1.450145e-02 4.324188e-04 3.652213e-03
31 2.692159e-03 1.370735e-02 4.323838e-04 3.449319e-03
32 2.529631e-03 1.339772e-02 4.323511e-04 3.268740e-03
33 2.384256e-03 1.312747e-02 4.323204e-04 3.107213e-03
34 2.253477e-03 1.288051e-02 4.322915e-04 2.961263e-03
35 2.134817e-03 1.263695e-02 4.322645e-04 2.827514e-03
36 2.026992e-03 1.239709e-02 4.322392e-04 2.704264e-03
37 1.928410e-03 1.213465e-02 4.322155e-04 2.589768e-03
38 1.837702e-03 1.183951e-02 4.321933e-04 2.482461e-03
39 1.753412e-03 1.150919e-02 4.321726e-04 2.380448e-03
40 1.674356e-03 1.114042e-02 4.321534e-04 2.281766e-03
41 1.599645e-03 1.073855e-02 4.321357e-04 2.184397e-03
42 1.530581e-03 1.024369e-02 4.321215e-04 2.087174e-03
43 1.473270e-03 9.739172e-03 4.321068e-04 2.003118e-03
44 1.408290e-03 9.222788e-03 4.320935e-04 1.910982e-03
45 1.347257e-03 8.678589e-03 4.320814e-04 1.823630e-03
46 1.286957e-03 8.125724e-03 4.320704e-04 1.740459e-03
47 1.231188e-03 7.594082e-03 4.320603e-04 1.662455e-03
48 1.180487e-03 7.118588e-03 4.320512e-04 1.589221e-03
49 1.130410e-03 6.670105e-03 4.320430e-04 1.518273e-03
50 1.080241e-03 6.370656e-03 4.320354e-04 1.449526e-03
51 1.033518e-03 6.070733e-03 4.320285e-04 1.385415e-03
52 9.893800e-04 5.776849e-03 4.320221e-04 1.324942e-03
53 9.477049e-04 5.490195e-03 4.320163e-04 1.267540e-03
54 9.082550e-04 5.212120e-03 4.320110e-04 1.212565e-03
55 8.708927e-04 4.941635e-03 4.320062e-04 1.159748e-03
56 8.351286e-04 4.767937e-03 4.320019e-04 1.109061e-03
57 8.005641e-04 4.670406e-03 4.319979e-04 1.060773e-03
58 7.664830e-04 4.737528e-03 4.319943e-04 1.015006e-03
59 7.336531e-04 4.809181e-03 4.319910e-04 9.724875e-04
60 7.031029e-04 4.886507e-03 4.319879e-04 9.338789e-04
61 6.749577e-04 4.968569e-03 4.319851e-04 8.990839e-04
1 1.885116e+00 3.167590e+00 4.219206e-04 2.026574e+00
2 1.786076e+00 3.024032e+00 4.123983e-04 1.921835e+00
3 1.689001e+00 2.883086e+00 3.982611e-04 1.819276e+00
4 1.534536e+00 2.657073e+00 3.916533e-04 1.655975e+00
5 1.456815e+00 2.542782e+00 3.852924e-04 1.573638e+00
6 1.378189e+00 2.427016e+00 3.807146e-04 1.490527e+00
7 1.317785e+00 2.337681e+00 3.752290e-04 1.426763e+00
8 1.244565e+00 2.227822e+00 3.699901e-04 1.349210e+00
9 1.170850e+00 2.116455e+00 3.646554e-04 1.271013e+00
10 1.090703e+00 1.995730e+00 3.611947e-04 1.185805e+00
11 1.036919e+00 1.913557e+00 3.549158e-04 1.128653e+00
12 9.324575e-01 1.751722e+00 3.516378e-04 1.017618e+00
13 8.744720e-01 1.660279e+00 3.461441e-04 9.558170e-01
14 7.694798e-01 1.495293e+00 3.439007e-04 8.440312e-01
15 7.233656e-01 1.422671e+00 3.409003e-04 7.949163e-01
16 6.590951e-01 1.319208e+00 3.372582e-04 7.262049e-01
17 5.747081e-01 1.181625e+00 3.343716e-04 6.358482e-01
18 5.025465e-01 1.061812e+00 3.311470e-04 5.583692e-01
19 4.145011e-01 9.129247e-01 3.292165e-04 4.635452e-01
20 3.592262e-01 8.165522e-01 3.278072e-04 4.036936e-01
21 3.175675e-01 7.425128e-01 3.253783e-04 3.584164e-01
22 2.408298e-01 6.045205e-01 3.247586e-04 2.747283e-01
23 2.225788e-01 5.698076e-01 3.231519e-04 2.545722e-01
24 1.737100e-01 4.719084e-01 3.226756e-04 2.003152e-01
25 1.608732e-01 4.456360e-01 3.218101e-04 1.859799e-01
26 1.378217e-01 4.026211e-01 3.214109e-04 1.601592e-01
27 1.281210e-01 3.850143e-01 3.206865e-04 1.491967e-01
28 1.108775e-01 3.526116e-01 3.203730e-04 1.296590e-01
29 1.041119e-01 3.389367e-01 3.197611e-04 1.219756e-01
30 9.116963e-02 3.120614e-01 3.194996e-04 1.072794e-01
31 8.618075e-02 3.007119e-01 3.190729e-04 1.015864e-01
32 7.831467e-02 2.821182e-01 3.188016e-04 9.259499e-02
33 7.367292e-02 2.703435e-01 3.185593e-04 8.729214e-02
34 6.967529e-02 2.599123e-01 3.180721e-04 8.273135e-02
35 6.185817e-02 2.385289e-01 3.179415e-04 7.382844e-02
36 5.990707e-02 2.329424e-01 3.173448e-04 7.162646e-02
37 5.139067e-02 2.065469e-01 3.172414e-04 6.191534e-02
38 5.004504e-02 2.020203e-01 3.170543e-04 6.041053e-02
39 4.773721e-02 1.936818e-01 3.169082e-04 5.778868e-02
40 4.597618e-02 1.872316e-01 3.166057e-04 5.578635e-02
41 4.246093e-02 1.737496e-01 3.165292e-04 5.175894e-02
42 4.157986e-02 1.704453e-01 3.163223e-04 5.077111e-02
43 3.935349e-02 1.612001e-01 3.162272e-04 4.820918e-02
44 3.838212e-02 1.569794e-01 3.160337e-04 4.709239e-02
45 3.647160e-02 1.483873e-01 3.159618e-04 4.488056e-02
46 3.576202e-02 1.452476e-01 3.157132e-04 4.407469e-02
47 3.359000e-02 1.340076e-01 3.156594e-04 4.155740e-02
48 3.304857e-02 1.322871e-01 3.155601e-04 4.096153e-02
49 3.203173e-02 1.299175e-01 3.154514e-04 3.978114e-02
50 3.104515e-02 1.271877e-01 3.152718e-04 3.863336e-02
51 2.940247e-02 1.224161e-01 3.152255e-04 3.671178e-02
52 2.897173e-02 1.211137e-01 3.150340e-04 3.621733e-02
53 2.726235e-02 1.154422e-01 3.149897e-04 3.419365e-02
54 2.686537e-02 1.140752e-01 3.149108e-04 3.373514e-02
55 2.618010e-02 1.116257e-01 3.148269e-04 3.292194e-02
56 2.550147e-02 1.089478e-01 3.147900e-04 3.209473e-02
57 2.517565e-02 1.077077e-01 3.146674e-04 3.171021e-02
58 2.419090e-02 1.033890e-01 3.146162e-04 3.045761e-02
59 2.377880e-02 1.016611e-01 3.145792e-04 2.997430e-02
60 2.345562e-02 1.003742e-01 3.144246e-04 2.959204e-02
61 2.216623e-02 9.426561e-02 3.143842e-04 2.803034e-02
62 2.182045e-02 9.263333e-02 3.143075e-04 2.761493e-02
63 2.115975e-02 8.933851e-02 3.142494e-04 2.681012e-02
64 2.065348e-02 8.669504e-02 3.141470e-04 2.618619e-02
65 1.975493e-02 8.266423e-02 3.141091e-04 2.507156e-02
66 1.941916e-02 8.112343e-02 3.140180e-04 2.465210e-02
67 1.860342e-02 7.734731e-02 3.139770e-04 2.362402e-02
68 1.823647e-02 7.557314e-02 3.138984e-04 2.315939e-02
69 1.752669e-02 7.231417e-02 3.138551e-04 2.225225e-02
70 1.714152e-02 7.104378e-02 3.137760e-04 2.175361e-02
71 1.646991e-02 6.847511e-02 3.137351e-04 2.086180e-02
72 1.603393e-02 6.715480e-02 3.136609e-04 2.032896e-02
73 1.522062e-02 6.448122e-02 3.136227e-04 1.932325e-02
74 1.482585e-02 6.308206e-02 3.135601e-04 1.881870e-02
75 1.421163e-02 6.026821e-02 3.135484e-04 1.797685e-02
76 1.407085e-02 6.012116e-02 3.135143e-04 1.782661e-02
77 1.371753e-02 5.874722e-02 3.134586e-04 1.736330e-02
78 1.313402e-02 5.653686e-02 3.134261e-04 1.661912e-02
79 1.276252e-02 5.515147e-02 3.133817e-04 1.614827e-02
80 1.231308e-02 5.325683e-02 3.133450e-04 1.556023e-02
81 1.196921e-02 5.149071e-02 3.133243e-04 1.507655e-02
82 1.177374e-02 5.068038e-02 3.132882e-04 1.482404e-02
83 1.137889e-02 4.901375e-02 3.132549e-04 1.431609e-02
84 1.098331e-02 4.732034e-02 3.132296e-04 1.380556e-02
85 1.067887e-02 4.600529e-02 3.131966e-04 1.341228e-02
86 1.027862e-02 4.419680e-02 3.131763e-04 1.289185e-02
87 1.003236e-02 4.307908e-02 3.131466e-04 1.257117e-02
88 9.743831e-03 4.132619e-02 3.131391e-04 1.213661e-02
89 9.622291e-03 4.104862e-02 3.131199e-04 1.202094e-02
90 9.419796e-03 4.005777e-02 3.130918e-04 1.175064e-02
91 9.078201e-03 3.856276e-02 3.130754e-04 1.132363e-02
92 8.881023e-03 3.763447e-02 3.130516e-04 1.106627e-02
93 8.588193e-03 3.622038e-02 3.130358e-04 1.068506e-02
94 8.394008e-03 3.528921e-02 3.130142e-04 1.043261e-02
95 8.124315e-03 3.398753e-02 3.129994e-04 1.008482e-02
96 7.944734e-03 3.310533e-02 3.129794e-04 9.850264e-03
97 7.727167e-03 3.191904e-02 3.129639e-04 9.549340e-03
98 7.531563e-03 3.107912e-02 3.129453e-04 9.316346e-03
99 7.297009e-03 2.998979e-02 3.129318e-04 9.027560e-03
100 7.154730e-03 2.920115e-02 3.129142e-04 8.843063e-03
101 6.950960e-03 2.816665e-02 3.129020e-04 8.586512e-03
102 6.820089e-03 2.746688e-02 3.128862e-04 8.417846e-03
103 6.644135e-03 2.698417e-02 3.128751e-04 8.194438e-03
104 6.522058e-03 2.687745e-02 3.128601e-04 8.040247e-03
105 6.450949e-03 2.696505e-02 3.128545e-04 7.906308e-03
106 6.408811e-03 2.696842e-02 3.128404e-04 7.859438e-03
107 6.321711e-03 2.694154e-02 3.128301e-04 7.751273e-03
108 6.221985e-03 2.684274e-02 3.128144e-04 7.648141e-03
109 6.020189e-03 2.665022e-02 3.128025e-04 7.418371e-03
110 5.878130e-03 2.646050e-02 3.127983e-04 7.200805e-03
111 5.833514e-03 2.644584e-02 3.127806e-04 7.172506e-03
112 5.674980e-03 2.628064e-02 3.127696e-04 6.967024e-03
113 5.605883e-03 2.613173e-02 3.127536e-04 6.886728e-03
114 5.604376e-03 2.594558e-02 3.127505e-04 6.844772e-03
115 5.528245e-03 2.596755e-02 3.127417e-04 6.790640e-03
116 5.490989e-03 2.591051e-02 3.127250e-04 6.739849e-03
117 5.400760e-03 2.572705e-02 3.127173e-04 6.634681e-03
118 5.342688e-03 2.563011e-02 3.127044e-04 6.570564e-03
119 5.236510e-03 2.550719e-02 3.126981e-04 6.452553e-03
120 5.184411e-03 2.545849e-02 3.126865e-04 6.393682e-03
121 5.086708e-03 2.538776e-02 3.126808e-04 6.282353e-03
122 5.041555e-03 2.535520e-02 3.126697e-04 6.230064e-03
123 4.954803e-03 2.530866e-02 3.126643e-04 6.128530e-03
124 4.914829e-03 2.528250e-02 3.126535e-04 6.081598e-03
125 4.835981e-03 2.524901e-02 3.126484e-04 5.988680e-03
126 4.798912e-03 2.522539e-02 3.126380e-04 5.945471e-03
127 4.725018e-03 2.519653e-02 3.126332e-04 5.858602e-03
128 4.690357e-03 2.517160e-02 3.126231e-04 5.818494e-03
129 4.620016e-03 2.514123e-02 3.126186e-04 5.736798e-03
130 4.588019e-03 2.511608e-02 3.126088e-04 5.700303e-03
131 4.524198e-03 2.508731e-02 3.126044e-04 5.626275e-03
132 4.496401e-03 2.506346e-02 3.125947e-04 5.594456e-03
133 4.439270e-03 2.504235e-02 3.125906e-04 5.528575e-03
134 4.414356e-03 2.502456e-02 3.125811e-04 5.500564e-03
135 4.363271e-03 2.502182e-02 3.125771e-04 5.441943e-03
136 4.341657e-03 2.501521e-02 3.125677e-04 5.417581e-03
137 4.295942e-03 2.505527e-02 3.125638e-04 5.365555e-03
138 4.276396e-03 2.507276e-02 3.125545e-04 5.344020e-03
139 4.235684e-03 2.518535e-02 3.125507e-04 5.298124e-03
140 4.218776e-03 2.523064e-02 3.125414e-04 5.279477e-03
141 4.183697e-03 2.545025e-02 3.125377e-04 5.239882e-03
142 4.168952e-03 2.551901e-02 3.125284e-04 5.223595e-03
143 4.138598e-03 2.560516e-02 3.125247e-04 5.187170e-03
144 4.124969e-03 2.556807e-02 3.125154e-04 5.171567e-03
145 4.094816e-03 2.538015e-02 3.125118e-04 5.136193e-03
146 4.081897e-03 2.528541e-02 3.125026e-04 5.122191e-03
147 4.056452e-03 2.503554e-02 3.124990e-04 5.094270e-03
148 4.049332e-03 2.495531e-02 3.124897e-04 5.088180e-03
149 4.079562e-03 2.484017e-02 3.124856e-04 5.123496e-03
150 4.056836e-03 2.469334e-02 3.124793e-04 5.088169e-03
151 4.027534e-03 2.456320e-02 3.124732e-04 5.068538e-03
152 4.013283e-03 2.440597e-02 3.124636e-04 5.052643e-03
153 3.995858e-03 2.417656e-02 3.124601e-04 5.031920e-03
154 3.990023e-03 2.409584e-02 3.124506e-04 5.025509e-03
155 3.982798e-03 2.387310e-02 3.124469e-04 5.013042e-03
156 3.977833e-03 2.379194e-02 3.124373e-04 5.007328e-03
157 3.969094e-03 2.360997e-02 3.124337e-04 4.996122e-03
158 3.964300e-03 2.354888e-02 3.124239e-04 4.991899e-03
159 3.961842e-03 2.339996e-02 3.124198e-04 4.989452e-03
160 3.967974e-03 2.334645e-02 3.124057e-04 5.001145e-03
161 4.010013e-03 2.321621e-02 3.124008e-04 5.037025e-03
162 4.014809e-03 2.318240e-02 3.123887e-04 5.040510e-03
163 4.042086e-03 2.314966e-02 3.123848e-04 5.066813e-03
164 4.044215e-03 2.314287e-02 3.123740e-04 5.071789e-03
165 4.059401e-03 2.312068e-02 3.123703e-04 5.090865e-03
166 4.056445e-03 2.307512e-02 3.123601e-04 5.090509e-03
167 4.054181e-03 2.290978e-02 3.123564e-04 5.093035e-03
168 3.971267e-03 2.299230e-02 3.123379e-04 5.064781e-03
169 4.046495e-03 4.688213e-02 3.123323e-04 5.218302e-03
170 3.934515e-03 2.457510e-02 3.123239e-04 5.077997e-03
171 3.922681e-03 2.294776e-02 3.123150e-04 5.053268e-03
172 3.942343e-03 2.301545e-02 3.123068e-04 5.045671e-03
173 3.967282e-03 2.300980e-02 3.122960e-04 5.056232e-03
174 4.019274e-03 2.305837e-02 3.122919e-04 5.089009e-03
175 4.031237e-03 2.308154e-02 3.122808e-04 5.107383e-03
176 4.082130e-03 2.317269e-02 3.122765e-04 5.189031e-03
177 4.095867e-03 2.315449e-02 3.122645e-04 5.210048e-03
178 4.149105e-03 2.301242e-02 3.122599e-04 5.253892e-03
179 4.182277e-03 2.300622e-02 3.122461e-04 5.313651e-03
180 4.245680e-03 2.295767e-02 3.122410e-04 5.379346e-03
181 4.247742e-03 2.299111e-02 3.122312e-04 5.368401e-03
182 4.269670e-03 2.312509e-02 3.122254e-04 5.383166e-03
183 4.276655e-03 2.316510e-02 3.122131e-04 5.394289e-03
184 4.298344e-03 2.323245e-02 3.122086e-04 5.421512e-03
185 4.299899e-03 2.323329e-02 3.121963e-04 5.427481e-03
186 4.311714e-03 2.318708e-02 3.121913e-04 5.447471e-03
187 4.323852e-03 2.312670e-02 3.121797e-04 5.455397e-03
188 4.333759e-03 2.284078e-02 3.121736e-04 5.460071e-03
189 4.344852e-03 2.279135e-02 3.121603e-04 5.473302e-03
190 4.371985e-03 2.297893e-02 3.121554e-04 5.510489e-03
191 4.378415e-03 2.301117e-02 3.121424e-04 5.521553e-03
192 4.405876e-03 2.308463e-02 3.121373e-04 5.554275e-03
193 4.411088e-03 2.308362e-02 3.121244e-04 5.562004e-03
194 4.431236e-03 2.314245e-02 3.121192e-04 5.582145e-03
195 4.433799e-03 2.316425e-02 3.121837e-04 5.586226e-03
196 4.437589e-03 2.363908e-02 3.121628e-04 5.572501e-03
197 4.381924e-03 2.323918e-02 3.121555e-04 5.540487e-03
198 4.401966e-03 2.315213e-02 3.121417e-04 5.555234e-03
199 4.460386e-03 2.288519e-02 3.121343e-04 5.593240e-03
200 4.466729e-03 2.275661e-02 3.121212e-04 5.596855e-03
201 4.476192e-03 2.244542e-02 3.121118e-04 5.599261e-03
202 4.471508e-03 2.221520e-02 3.120989e-04 5.591682e-03
203 4.466545e-03 2.219203e-02 3.120874e-04 5.579421e-03
204 4.458366e-03 2.216558e-02 3.120747e-04 5.563183e-03
205 4.451817e-03 2.212840e-02 3.120621e-04 5.544615e-03
206 4.448745e-03 2.207255e-02 3.120496e-04 5.526688e-03
207 4.439153e-03 2.199694e-02 3.120371e-04 5.506366e-03
208 4.438281e-03 2.189957e-02 3.120245e-04 5.499799e-03
209 4.416983e-03 2.178330e-02 3.120119e-04 5.474692e-03
210 4.362511e-03 2.161814e-02 3.120000e-04 5.408751e-03
211 4.311794e-03 2.144579e-02 3.119884e-04 5.342853e-03
212 4.273913e-03 2.125902e-02 3.119772e-04 5.286538e-03
213 4.234672e-03 2.109108e-02 3.119661e-04 5.230644e-03
214 4.183141e-03 2.092451e-02 3.119555e-04 5.167105e-03
215 4.121356e-03 2.074254e-02 3.119451e-04 5.095115e-03
216 4.059575e-03 2.053682e-02 3.119351e-04 5.022863e-03
217 4.000234e-03 2.031636e-02 3.119254e-04 4.952375e-03
218 3.940446e-03 2.007528e-02 3.119160e-04 4.880781e-03
219 3.883705e-03 1.982524e-02 3.119069e-04 4.811600e-03
220 3.827326e-03 1.956164e-02 3.118981e-04 4.742762e-03
221 3.773589e-03 1.929328e-02 3.118896e-04 4.676742e-03
222 3.722438e-03 1.902200e-02 3.118814e-04 4.613700e-03
223 3.673798e-03 1.875032e-02 3.118734e-04 4.553581e-03
224 3.627084e-03 1.847942e-02 3.118657e-04 4.495906e-03
225 3.582618e-03 1.821410e-02 3.118582e-04 4.441321e-03
226 3.534930e-03 1.796265e-02 3.118500e-04 4.385311e-03
227 3.486364e-03 1.940797e-02 3.118447e-04 4.358370e-03
228 3.459035e-03 1.797482e-02 3.118318e-04 4.329171e-03
229 3.434698e-03 1.771424e-02 3.118202e-04 4.286796e-03
230 3.402192e-03 1.763022e-02 3.118048e-04 4.261487e-03
231 3.402055e-03 1.766889e-02 3.117951e-04 4.268851e-03
232 3.430433e-03 1.789108e-02 3.117832e-04 4.283516e-03
233 3.367191e-03 1.715101e-02 3.117765e-04 4.197877e-03
234 3.360740e-03 1.698093e-02 3.117686e-04 4.168741e-03
235 3.317152e-03 1.665374e-02 3.117613e-04 4.109830e-03
236 3.283561e-03 1.642243e-02 3.117542e-04 4.064705e-03
237 3.254415e-03 1.626733e-02 3.117473e-04 4.028346e-03
238 3.243429e-03 1.615094e-02 3.117403e-04 4.011672e-03
239 3.261986e-03 1.609394e-02 3.117332e-04 4.021907e-03
240 3.319080e-03 1.609426e-02 3.117261e-04 4.065806e-03
241 3.307518e-03 1.606088e-02 3.117191e-04 4.049140e-03
242 3.253145e-03 1.597778e-02 3.117122e-04 3.993516e-03
243 3.208018e-03 1.587295e-02 3.117050e-04 3.951262e-03
244 3.172845e-03 1.586840e-02 3.116982e-04 3.914103e-03
245 3.142917e-03 1.586195e-02 3.116921e-04 3.877491e-03
246 3.112438e-03 1.586151e-02 3.116863e-04 3.845196e-03
247 3.082065e-03 1.585465e-02 3.116806e-04 3.814277e-03
248 3.052271e-03 1.584548e-02 3.116751e-04 3.783966e-03
249 3.023154e-03 1.583282e-02 3.116698e-04 3.754229e-03
250 2.994844e-03 1.581684e-02 3.116646e-04 3.725313e-03
251 2.967036e-03 1.579763e-02 3.116596e-04 3.697125e-03
252 2.939347e-03 1.577543e-02 3.116547e-04 3.669776e-03
253 2.911646e-03 1.575261e-02 3.116500e-04 3.643484e-03
254 2.884403e-03 1.572907e-02 3.116454e-04 3.618591e-03
255 2.858129e-03 1.570506e-02 3.116409e-04 3.595305e-03
256 2.833210e-03 1.568103e-02 3.116366e-04 3.573694e-03
257 2.809585e-03 1.565766e-02 3.116324e-04 3.553653e-03
258 2.787196e-03 1.563532e-02 3.116282e-04 3.535137e-03
259 2.766083e-03 1.561418e-02 3.116242e-04 3.518172e-03
260 2.746169e-03 1.559474e-02 3.116202e-04 3.502736e-03
261 2.727446e-03 1.558456e-02 3.116163e-04 3.488852e-03
262 2.709908e-03 1.559211e-02 3.116124e-04 3.476542e-03
263 2.693509e-03 1.560282e-02 3.116086e-04 3.465821e-03
264 2.678281e-03 1.561707e-02 3.116049e-04 3.456750e-03
265 2.664256e-03 1.563538e-02 3.116012e-04 3.449382e-03
266 2.651423e-03 1.565794e-02 3.115975e-04 3.443724e-03
267 2.639839e-03 1.568551e-02 3.115939e-04 3.439854e-03
268 2.629461e-03 1.571737e-02 3.115902e-04 3.437714e-03
269 2.621016e-03 1.576754e-02 3.115866e-04 3.437732e-03
270 2.613927e-03 1.583349e-02 3.115831e-04 3.439659e-03
271 2.608096e-03 1.590507e-02 3.115795e-04 3.443439e-03
272 2.603615e-03 1.598232e-02 3.115759e-04 3.449135e-03
273 2.602201e-03 1.605575e-02 3.115724e-04 3.457735e-03
274 2.602100e-03 1.612594e-02 3.115688e-04 3.468035e-03
275 2.603191e-03 1.619496e-02 3.115652e-04 3.479870e-03
276 2.604789e-03 1.626083e-02 3.115616e-04 3.492202e-03
277 2.606827e-03 1.639551e-02 3.115580e-04 3.505180e-03
278 2.608501e-03 1.654044e-02 3.115544e-04 3.518262e-03
279 2.609967e-03 1.668434e-02 3.115507e-04 3.531741e-03
280 2.610799e-03 1.682704e-02 3.115471e-04 3.545296e-03
281 2.610976e-03 1.696765e-02 3.115434e-04 3.559044e-03
282 2.611256e-03 1.710648e-02 3.115397e-04 3.573350e-03
283 2.611359e-03 1.724343e-02 3.115360e-04 3.588086e-03
284 2.610604e-03 1.737772e-02 3.115323e-04 3.602983e-03
285 2.610142e-03 1.750864e-02 3.115285e-04 3.618490e-03
286 2.610494e-03 1.763494e-02 3.115247e-04 3.634624e-03
287 2.611598e-03 1.775392e-02 3.115209e-04 3.651047e-03
288 2.613720e-03 1.786510e-02 3.115171e-04 3.667959e-03
289 2.617511e-03 1.795460e-02 3.115130e-04 3.685867e-03
290 2.632777e-03 1.800390e-02 3.115083e-04 3.717635e-03
291 2.654731e-03 1.817020e-02 3.115040e-04 3.743850e-03
292 2.671207e-03 1.830535e-02 3.114999e-04 3.762785e-03
293 2.676298e-03 1.837285e-02 3.114958e-04 3.777776e-03
294 2.675464e-03 1.840417e-02 3.114918e-04 3.786251e-03
295 2.669510e-03 1.839331e-02 3.114877e-04 3.787610e-03
296 2.660347e-03 1.834648e-02 3.114837e-04 3.783550e-03
297 2.648700e-03 1.826943e-02 3.114797e-04 3.774882e-03
298 2.634645e-03 1.816369e-02 3.114757e-04 3.761750e-03
299 2.618171e-03 1.802954e-02 3.114718e-04 3.744138e-03
300 2.599221e-03 1.786749e-02 3.114679e-04 3.721999e-03
301 2.577891e-03 1.767794e-02 3.114640e-04 3.695470e-03
302 2.553243e-03 1.745701e-02 3.114602e-04 3.663299e-03
303 2.525303e-03 1.720862e-02 3.114564e-04 3.625450e-03
304 2.494336e-03 1.695248e-02 3.114527e-04 3.582285e-03
305 2.461000e-03 1.666695e-02 3.114491e-04 3.534723e-03
306 2.425078e-03 1.635523e-02 3.114455e-04 3.482697e-03
307 2.385935e-03 1.602488e-02 3.114421e-04 3.425698e-03
308 2.344503e-03 1.569571e-02 3.114387e-04 3.364787e-03
309 2.299949e-03 1.534587e-02 3.114353e-04 3.299289e-03
310 2.254946e-03 1.497643e-02 3.114321e-04 3.231957e-03
311 2.209093e-03 1.458982e-02 3.114290e-04 3.162615e-03
312 2.162503e-03 1.418921e-02 3.114260e-04 3.091550e-03
313 2.115477e-03 1.377780e-02 3.114231e-04 3.019267e-03
314 2.068133e-03 1.335856e-02 3.114202e-04 2.946073e-03
315 2.020667e-03 1.293406e-02 3.114175e-04 2.872316e-03
316 1.973316e-03 1.250639e-02 3.114148e-04 2.798414e-03
317 1.926059e-03 1.207874e-02 3.114123e-04 2.724502e-03
318 1.879279e-03 1.165238e-02 3.114098e-04 2.651105e-03
319 1.833045e-03 1.122907e-02 3.114074e-04 2.578447e-03
320 1.787439e-03 1.081063e-02 3.114051e-04 2.506712e-03
321 1.742438e-03 1.039804e-02 3.114029e-04 2.435921e-03
322 1.698162e-03 9.992486e-03 3.114007e-04 2.366296e-03
323 1.654790e-03 9.594902e-03 3.113986e-04 2.298127e-03
324 1.612439e-03 9.206491e-03 3.113966e-04 2.231609e-03
325 1.571188e-03 8.828345e-03 3.113947e-04 2.166902e-03
326 1.530992e-03 8.461048e-03 3.113928e-04 2.103995e-03
327 1.491892e-03 8.104828e-03 3.113909e-04 2.042949e-03
328 1.454009e-03 7.760448e-03 3.113892e-04 1.983960e-03
329 1.417365e-03 7.428451e-03 3.113874e-04 1.927087e-03
330 1.381945e-03 7.108995e-03 3.113858e-04 1.872329e-03
331 1.347789e-03 6.802339e-03 3.113841e-04 1.819747e-03
332 1.314889e-03 6.508616e-03 3.113825e-04 1.769350e-03
333 1.283257e-03 6.227707e-03 3.113810e-04 1.721168e-03
334 1.252915e-03 6.052610e-03 3.113795e-04 1.675227e-03
335 1.223867e-03 5.902219e-03 3.113780e-04 1.631555e-03
336 1.196208e-03 5.754256e-03 3.113766e-04 1.590243e-03
337 1.169975e-03 5.611704e-03 3.113751e-04 1.551358e-03
338 1.145335e-03 5.474388e-03 3.113737e-04 1.515170e-03
339 1.123072e-03 5.430980e-03 3.113724e-04 1.482921e-03
340 1.105836e-03 5.441489e-03 3.113710e-04 1.458998e-03
341 1.102910e-03 5.457447e-03 3.113694e-04 1.460271e-03
342 1.137350e-03 1.245683e-02 3.113672e-04 1.550573e-03
343 1.103670e-03 1.138495e-02 3.113650e-04 1.516858e-03
344 1.080712e-03 5.926932e-03 3.113635e-04 1.450938e-03
345 1.057468e-03 5.540533e-03 3.113621e-04 1.405321e-03
346 1.035385e-03 5.541061e-03 3.113607e-04 1.368402e-03
347 1.014129e-03 5.548400e-03 3.113593e-04 1.335799e-03
348 9.937889e-04 5.567922e-03 3.113580e-04 1.306205e-03
349 9.745792e-04 5.592941e-03 3.113567e-04 1.279282e-03
350 9.570488e-04 5.621215e-03 3.113554e-04 1.255522e-03
351 9.423495e-04 5.654636e-03 3.113541e-04 1.236545e-03
352 9.314632e-04 5.695118e-03 3.113527e-04 1.224470e-03
353 9.270372e-04 5.743843e-03 3.113512e-04 1.225126e-03
354 9.344250e-04 7.742188e-03 3.113493e-04 1.252060e-03
355 9.499981e-04 1.073961e-02 3.113469e-04 1.304616e-03
356 1.009408e-03 1.613691e-02 3.113427e-04 1.477092e-03
357 1.030769e-03 1.524906e-02 3.113389e-04 1.520295e-03
358 1.021950e-03 1.372308e-02 3.113347e-04 1.493202e-03
359 1.011117e-03 6.829925e-03 3.113325e-04 1.379530e-03
360 9.966616e-04 5.567182e-03 3.113308e-04 1.322231e-03
361 9.734007e-04 5.533233e-03 3.113293e-04 1.280726e-03
362 9.494001e-04 5.494971e-03 3.113279e-04 1.244581e-03
363 9.265554e-04 5.450094e-03 3.113266e-04 1.212091e-03
364 9.051010e-04 5.396766e-03 3.113253e-04 1.182410e-03
365 8.849831e-04 5.341898e-03 3.113240e-04 1.155057e-03
366 8.660727e-04 5.290252e-03 3.113228e-04 1.129605e-03
367 8.483075e-04 5.233728e-03 3.113216e-04 1.105863e-03
368 8.316008e-04 5.172598e-03 3.113204e-04 1.083635e-03
369 8.158215e-04 5.107250e-03 3.113193e-04 1.062701e-03
370 8.008572e-04 5.038817e-03 3.113181e-04 1.042913e-03
371 7.867524e-04 4.967870e-03 3.113170e-04 1.024201e-03
372 7.734621e-04 4.895361e-03 3.113159e-04 1.006476e-03
373 7.609405e-04 4.821645e-03 3.113148e-04 9.896398e-04
374 7.491685e-04 4.747326e-03 3.113137e-04 9.736411e-04
375 7.381646e-04 4.672852e-03 3.113126e-04 9.584702e-04
1 6.940565e-01 1.977086e+00 3.174735e-04 7.947702e-01
2 6.021949e-01 1.815825e+00 3.149412e-04 6.918923e-01
3 5.342370e-01 1.678110e+00 3.109630e-04 6.153720e-01
4 4.169015e-01 1.355551e+00 3.064059e-04 4.807578e-01
5 2.732900e-01 9.138019e-01 3.041895e-04 3.134554e-01
6 2.225386e-01 7.759965e-01 3.028544e-04 2.565788e-01
7 1.942511e-01 6.655317e-01 3.008306e-04 2.235452e-01
8 1.517227e-01 4.363590e-01 2.998184e-04 1.713007e-01
9 1.338022e-01 3.465407e-01 2.985215e-04 1.498473e-01
10 1.106128e-01 2.772335e-01 2.982692e-04 1.222047e-01
11 1.065019e-01 2.683272e-01 2.973185e-04 1.174744e-01
12 9.069293e-02 2.319165e-01 2.966846e-04 9.939161e-02
13 8.022668e-02 2.059625e-01 2.960532e-04 8.770304e-02
14 6.940727e-02 1.773856e-01 2.955401e-04 7.586956e-02
15 6.097083e-02 1.536948e-01 2.951261e-04 6.665073e-02
16 5.332246e-02 1.332320e-01 2.949268e-04 5.843925e-02
17 4.965140e-02 1.232307e-01 2.946293e-04 5.449725e-02
18 4.360365e-02 1.069373e-01 2.943769e-04 4.802530e-02
19 3.839569e-02 9.294498e-02 2.943169e-04 4.245167e-02
20 3.716866e-02 8.959396e-02 2.941202e-04 4.115128e-02
1 3.759851e+00 6.446720e+00 4.491242e-02 3.977719e+00
2 3.279080e+00 5.772851e+00 2.356037e-02 3.476754e+00
3 3.100091e+00 5.483504e+00 1.202479e-02 3.291582e+00
4 2.890757e+00 4.816608e+00 5.747887e-03 3.068933e+00
5 2.327423e+00 3.572052e+00 2.405838e-03 2.480328e+00
6 1.650393e+00 2.630602e+00 9.313636e-04 1.768546e+00
7 9.617467e-01 1.583659e+00 5.410307e-04 1.039545e+00
8 3.633417e-01 8.265209e-01 5.010296e-04 4.025689e-01
9 1.752673e-01 5.195686e-01 4.878929e-04 2.009553e-01
10 1.057038e-01 4.186479e-01 4.826914e-04 1.242180e-01
11 7.983513e-02 3.563450e-01 4.811802e-04 9.639882e-02
12 7.274489e-02 3.361389e-01 4.787309e-04 8.881071e-02
13 6.045747e-02 2.982995e-01 4.772841e-04 7.524360e-02
14 5.338391e-02 2.748728e-01 4.766409e-04 6.731142e-02
15 5.036440e-02 2.644625e-01 4.754541e-04 6.388318e-02
16 4.476365e-02 2.438923e-01 4.737104e-04 5.736340e-02
17 3.657205e-02 2.307456e-01 4.723825e-04 4.758412e-02
18 3.058819e-02 1.854495e-01 4.715687e-04 4.029796e-02
19 2.675027e-02 1.687790e-01 4.709776e-04 3.552422e-02
20 2.371929e-02 1.554717e-01 4.702602e-04 3.169770e-02
21 1.952847e-02 1.358185e-01 4.697016e-04 2.638063e-02
22 1.575859e-02 1.172206e-01 4.694106e-04 2.162880e-02
23 1.375293e-02 1.066784e-01 4.691148e-04 1.910468e-02
24 1.157406e-02 9.679773e-02 4.688953e-04 1.639091e-02
25 9.937361e-03 8.815615e-02 4.687260e-04 1.431919e-02
26 8.743639e-03 7.881681e-02 4.685885e-04 1.271285e-02
27 7.917451e-03 6.898521e-02 4.685671e-04 1.149295e-02
28 7.697212e-03 6.762172e-02 4.685149e-04 1.125294e-02
29 7.324880e-03 6.355115e-02 4.684142e-04 1.077496e-02
30 6.711619e-03 6.799221e-02 4.683284e-04 1.000100e-02
31 6.276938e-03 8.153130e-02 4.682518e-04 9.623496e-03
32 6.042684e-03 9.627684e-02 4.681806e-04 9.720112e-03
33 5.990579e-03 1.108574e-01 4.681114e-04 1.027470e-02
34 6.081101e-03 1.226799e-01 4.680424e-04 1.115398e-02
35 6.232305e-03 1.288216e-01 4.679733e-04 1.210251e-02
36 6.324970e-03 1.285339e-01 4.679057e-04 1.280945e-02
37 6.260530e-03 1.217487e-01 4.678418e-04 1.304747e-02
38 6.012291e-03 1.119586e-01 4.677837e-04 1.275243e-02
39 5.620020e-03 1.013574e-01 4.677324e-04 1.201946e-02
40 5.158261e-03 9.114923e-02 4.676881e-04 1.101578e-02
41 4.696005e-03 8.140904e-02 4.676502e-04 9.905636e-03
42 4.256317e-03 7.277744e-02 4.676178e-04 8.808021e-03
43 3.846108e-03 6.424885e-02 4.675903e-04 7.790213e-03
44 3.472616e-03 5.608600e-02 4.675669e-04 6.881845e-03
45 3.138968e-03 4.857347e-02 4.675471e-04 6.091346e-03
46 2.842995e-03 4.185648e-02 4.675303e-04 5.412068e-03
47 2.583268e-03 3.597752e-02 4.675161e-04 4.831264e-03
48 2.353825e-03 3.088261e-02 4.675040e-04 4.332925e-03
49 2.151106e-03 2.649482e-02 4.674936e-04 3.903749e-03
50 1.971950e-03 2.318135e-02 4.674846e-04 3.532447e-03
51 1.813334e-03 2.197870e-02 4.674769e-04 3.209496e-03
52 1.672389e-03 2.075182e-02 4.674702e-04 2.926888e-03
53 1.546504e-03 1.952925e-02 4.674644e-04 2.678053e-03
54 1.433439e-03 1.833384e-02 4.674593e-04 2.457652e-03
55 1.331256e-03 1.717944e-02 4.674549e-04 2.261270e-03
56 1.238366e-03 1.607503e-02 4.674510e-04 2.085267e-03
57 1.153407e-03 1.502538e-02 4.674477e-04 1.926601e-03
58 1.075289e-03 1.403244e-02 4.674447e-04 1.782775e-03
59 1.003248e-03 1.309716e-02 4.674421e-04 1.651920e-03
60 9.367759e-04 1.221690e-02 4.674398e-04 1.532680e-03
61 8.754039e-04 1.138947e-02 4.674379e-04 1.423835e-03
62 8.186243e-04 1.061385e-02 4.674361e-04 1.324170e-03
63 7.660302e-04 9.887984e-03 4.674346e-04 1.232696e-03
64 7.172671e-04 9.209453e-03 4.674332e-04 1.148567e-03
65 6.720146e-04 8.575775e-03 4.674320e-04 1.071050e-03
66 6.299784e-04 7.984611e-03 4.674310e-04 9.995014e-04
67 5.908991e-04 7.433444e-03 4.674301e-04 9.333652e-04
68 5.545411e-04 6.919737e-03 4.674292e-04 8.721521e-04
1 8.876446e-01 1.885944e+00 4.560135e-04 9.931559e-01
2 7.890256e-01 1.714821e+00 4.452290e-04 8.854056e-01
3 6.805514e-01 1.519030e+00 4.414471e-04 7.669012e-01
4 6.378742e-01 1.439617e+00 4.349271e-04 7.203135e-01
5 5.559538e-01 1.308595e+00 4.278461e-04 6.309891e-01
6 4.492046e-01 1.182200e+00 4.230402e-04 5.148545e-01
7 3.602517e-01 1.057114e+00 4.208250e-04 4.184093e-01
8 3.133095e-01 9.838717e-01 4.180607e-04 3.676685e-01
9 2.456767e-01 9.311711e-01 4.163627e-04 2.947441e-01
10 1.999299e-01 8.910329e-01 4.151247e-04 2.455075e-01
11 1.653263e-01 8.462068e-01 4.143210e-04 2.082805e-01
12 1.435594e-01 8.076597e-01 4.133678e-04 1.846999e-01
13 1.185948e-01 7.431109e-01 4.126613e-04 1.573674e-01
14 1.025203e-01 6.853855e-01 4.120459e-04 1.394046e-01
15 9.079688e-02 6.250874e-01 4.116169e-04 1.257989e-01
16 8.403940e-02 5.794849e-01 4.106619e-04 1.176689e-01
17 7.044035e-02 4.330186e-01 4.104431e-04 9.973209e-02
18 6.865485e-02 4.113424e-01 4.100046e-04 9.737595e-02
19 6.526221e-02 3.810295e-01 4.095601e-04 9.235586e-02
20 6.240374e-02 3.540637e-01 4.093916e-04 8.755121e-02
21 6.150742e-02 3.448060e-01 4.089356e-04 8.597178e-02
22 5.927910e-02 3.182333e-01 4.087808e-04 8.158238e-02
23 5.871588e-02 3.106310e-01 4.083273e-04 8.039601e-02
24 5.727233e-02 2.875284e-01 4.081858e-04 7.698153e-02
25 5.698703e-02 2.820560e-01 4.078336e-04 7.621844e-02
26 5.634528e-02 2.684355e-01 4.076602e-04 7.439471e-02
27 5.617181e-02 2.633774e-01 4.072392e-04 7.376577e-02
28 5.594273e-02 2.583914e-01 4.070888e-04 7.248583e-02
29 5.601620e-02 2.579715e-01 4.068861e-04 7.229551e-02
30 5.611870e-02 2.579351e-01 4.066545e-04 7.205820e-02
31 5.639925e-02 2.649771e-01 4.065193e-04 7.197685e-02
32 5.652276e-02 2.795601e-01 4.061814e-04 7.189667e-02
33 5.686497e-02 3.040401e-01 4.060504e-04 7.166362e-02
34 5.706825e-02 3.111898e-01 4.055505e-04 7.164984e-02
35 5.824849e-02 3.094318e-01 4.054130e-04 7.190246e-02
36 5.822760e-02 3.114213e-01 4.053015e-04 7.162898e-02
37 5.820512e-02 3.102885e-01 4.050208e-04 7.140703e-02
38 5.844208e-02 2.991975e-01 4.045993e-04 7.110406e-02
39 5.870178e-02 2.719191e-01 4.044683e-04 7.059499e-02
40 5.864365e-02 2.648971e-01 4.043092e-04 7.031537e-02
41 5.855751e-02 2.549517e-01 4.039966e-04 6.997287e-02
42 5.848844e-02 2.329627e-01 4.038768e-04 6.947720e-02
43 5.835741e-02 2.252839e-01 4.034290e-04 6.919015e-02
44 5.800059e-02 1.935062e-01 4.033035e-04 6.835679e-02
45 5.781355e-02 1.865137e-01 4.028715e-04 6.801308e-02
46 5.711488e-02 1.723137e-01 4.027468e-04 6.703543e-02
47 5.680166e-02 1.748535e-01 4.026122e-04 6.663518e-02
48 5.644310e-02 1.779151e-01 4.022838e-04 6.618799e-02
49 5.570449e-02 1.875763e-01 4.021676e-04 6.529632e-02
50 5.534069e-02 1.901812e-01 4.019082e-04 6.486324e-02
51 5.449004e-02 1.970361e-01 4.015233e-04 6.387954e-02
52 5.323197e-02 2.073779e-01 4.014064e-04 6.245313e-02
53 5.269684e-02 2.088694e-01 4.012726e-04 6.184173e-02
54 5.206147e-02 2.104390e-01 4.010012e-04 6.111628e-02
55 5.083001e-02 2.135274e-01 4.008991e-04 5.972923e-02
56 5.022376e-02 2.131813e-01 4.007579e-04 5.902374e-02
57 4.944899e-02 2.127809e-01 4.006169e-04 5.813216e-02
58 4.856087e-02 2.112465e-01 4.003389e-04 5.709428e-02
59 4.679901e-02 2.054681e-01 4.002454e-04 5.502574e-02
60 4.603043e-02 2.019390e-01 4.000921e-04 5.411605e-02
61 4.472631e-02 1.950494e-01 3.999378e-04 5.256908e-02
62 4.327971e-02 1.861070e-01 3.997677e-04 5.083956e-02
63 4.162656e-02 1.749144e-01 3.996909e-04 4.886586e-02
64 4.077560e-02 1.691575e-01 3.994987e-04 4.783750e-02
65 3.869759e-02 1.532869e-01 3.994261e-04 4.534263e-02
66 3.786125e-02 1.471449e-01 3.993432e-04 4.431264e-02
67 3.693808e-02 1.401997e-01 3.993140e-04 4.320457e-02
68 3.661172e-02 1.379453e-01 3.992055e-04 4.280962e-02
69 3.530775e-02 1.287033e-01 3.990235e-04 4.123841e-02
70 3.307612e-02 1.125726e-01 3.989756e-04 3.860047e-02
71 3.249075e-02 1.088323e-01 3.989091e-04 3.791961e-02
72 3.160884e-02 1.029631e-01 3.987577e-04 3.686191e-02
73 2.964233e-02 8.977021e-02 3.987004e-04 3.455307e-02
74 2.885470e-02 8.511142e-02 3.986097e-04 3.362205e-02
75 2.770339e-02 7.784056e-02 3.985401e-04 3.227507e-02
76 2.695718e-02 7.431454e-02 3.985208e-04 3.143766e-02
77 2.670074e-02 7.459460e-02 3.984502e-04 3.111177e-02
78 2.587204e-02 7.419334e-02 3.983987e-04 3.016712e-02
79 2.521624e-02 7.288517e-02 3.982959e-04 2.940046e-02
80 2.385998e-02 6.971304e-02 3.982480e-04 2.783265e-02
81 2.322561e-02 6.812370e-02 3.981566e-04 2.710076e-02
82 2.203866e-02 6.478397e-02 3.981428e-04 2.571318e-02
83 2.184348e-02 6.436020e-02 3.981153e-04 2.550352e-02
84 2.151913e-02 6.342979e-02 3.980485e-04 2.512330e-02
85 2.068282e-02 6.121910e-02 3.980157e-04 2.416274e-02
86 2.029237e-02 6.036278e-02 3.979418e-04 2.372295e-02
87 1.944100e-02 5.910220e-02 3.979136e-04 2.276583e-02
88 1.911968e-02 5.875022e-02 3.978652e-04 2.240536e-02
89 1.848156e-02 5.726552e-02 3.978257e-04 2.168169e-02
90 1.794863e-02 5.531166e-02 3.977667e-04 2.106512e-02
91 1.712708e-02 5.240430e-02 3.977426e-04 2.012089e-02
92 1.681636e-02 5.147420e-02 3.976901e-04 1.976200e-02
93 1.611306e-02 4.975037e-02 3.976665e-04 1.895990e-02
94 1.590629e-02 4.927678e-02 3.976603e-04 1.872537e-02
95 1.577205e-02 4.920338e-02 3.976116e-04 1.857242e-02
96 1.520154e-02 4.839859e-02 3.975860e-04 1.792810e-02
97 1.488953e-02 4.705142e-02 3.975430e-04 1.756050e-02
98 1.428009e-02 4.407772e-02 3.975183e-04 1.685609e-02
99 1.395914e-02 4.259344e-02 3.974808e-04 1.647563e-02
100 1.344461e-02 4.106525e-02 3.974578e-04 1.587458e-02
101 1.316044e-02 4.007110e-02 3.974242e-04 1.553709e-02
102 1.272002e-02 3.859921e-02 3.974010e-04 1.502394e-02
103 1.245125e-02 3.754650e-02 3.973708e-04 1.470346e-02
104 1.206764e-02 3.614905e-02 3.973460e-04 1.425139e-02
105 1.177646e-02 3.496579e-02 3.973192e-04 1.389544e-02
106 1.145521e-02 3.362977e-02 3.972932e-04 1.351030e-02
107 1.120909e-02 3.228657e-02 3.972686e-04 1.322055e-02
108 1.106723e-02 3.152618e-02 3.972464e-04 1.309281e-02
109 1.083956e-02 3.057748e-02 3.972237e-04 1.278872e-02
110 1.060743e-02 2.973810e-02 3.972017e-04 1.247394e-02
111 1.042587e-02 2.892445e-02 3.971803e-04 1.222880e-02
112 1.029250e-02 2.816270e-02 3.971594e-04 1.203884e-02
113 1.019784e-02 2.742324e-02 3.971387e-04 1.189358e-02
114 1.015725e-02 2.775928e-02 3.971175e-04 1.180596e-02
115 1.015657e-02 2.849733e-02 3.970989e-04 1.176298e-02
116 1.016118e-02 2.929389e-02 3.970750e-04 1.173551e-02
117 1.022852e-02 3.029978e-02 3.970715e-04 1.175865e-02
118 1.026809e-02 3.038232e-02 3.970546e-04 1.179823e-02
119 1.033332e-02 3.117982e-02 3.970311e-04 1.185944e-02
120 1.048461e-02 3.242488e-02 3.970077e-04 1.198884e-02
121 1.067038e-02 3.384067e-02 3.969822e-04 1.216673e-02
122 1.088523e-02 3.527586e-02 3.969543e-04 1.237680e-02
123 1.124108e-02 3.700810e-02 3.969282e-04 1.272005e-02
124 1.159681e-02 3.881982e-02 3.969013e-04 1.307331e-02
125 1.199471e-02 4.078424e-02 3.968664e-04 1.347914e-02
126 1.257330e-02 4.300282e-02 3.968535e-04 1.409687e-02
127 1.260285e-02 4.346137e-02 3.968430e-04 1.413017e-02
128 1.274255e-02 4.408357e-02 3.968011e-04 1.428298e-02
129 1.323795e-02 4.542735e-02 3.967858e-04 1.480614e-02
130 1.339467e-02 4.625273e-02 3.967488e-04 1.496666e-02
131 1.384625e-02 4.774564e-02 3.967107e-04 1.544036e-02
132 1.444130e-02 4.947261e-02 3.966671e-04 1.609769e-02
133 1.491553e-02 5.025209e-02 3.966258e-04 1.661194e-02
134 1.523989e-02 5.103255e-02 3.965846e-04 1.694889e-02
135 1.549599e-02 5.135599e-02 3.965430e-04 1.720162e-02
136 1.568273e-02 5.121414e-02 3.965012e-04 1.737640e-02
137 1.579642e-02 5.062103e-02 3.964587e-04 1.748298e-02
138 1.580421e-02 4.942401e-02 3.964160e-04 1.748553e-02
139 1.575024e-02 4.769071e-02 3.963741e-04 1.742250e-02
140 1.557300e-02 4.548472e-02 3.963328e-04 1.723606e-02
141 1.522414e-02 4.278782e-02 3.962936e-04 1.686004e-02
142 1.478371e-02 3.981153e-02 3.962566e-04 1.638679e-02
143 1.429045e-02 3.668521e-02 3.962214e-04 1.586527e-02
144 1.375378e-02 3.545831e-02 3.961879e-04 1.530745e-02
145 1.324614e-02 3.605673e-02 3.961587e-04 1.480254e-02
146 1.276878e-02 3.599869e-02 3.961283e-04 1.431039e-02
147 1.224764e-02 3.583223e-02 3.960993e-04 1.378145e-02
148 1.174077e-02 3.530643e-02 3.960721e-04 1.326549e-02
149 1.126550e-02 3.516382e-02 3.960458e-04 1.279328e-02
150 1.079690e-02 3.476245e-02 3.960208e-04 1.232542e-02
151 1.035902e-02 3.419078e-02 3.959968e-04 1.188761e-02
152 9.951280e-03 3.349209e-02 3.959739e-04 1.147916e-02
153 9.573505e-03 3.269791e-02 3.959517e-04 1.109970e-02
154 9.224686e-03 3.182724e-02 3.959303e-04 1.074814e-02
155 8.903523e-03 3.089141e-02 3.959097e-04 1.042369e-02
156 8.607170e-03 3.077416e-02 3.958897e-04 1.012492e-02
157 8.333211e-03 3.127226e-02 3.958704e-04 9.849614e-03
158 8.080241e-03 3.169588e-02 3.958517e-04 9.593514e-03
159 7.845415e-03 3.211979e-02 3.958336e-04 9.360932e-03
160 7.626900e-03 3.251168e-02 3.958160e-04 9.149394e-03
161 7.425013e-03 3.287312e-02 3.957988e-04 8.960465e-03
162 7.241098e-03 3.321470e-02 3.957820e-04 8.796490e-03
163 7.074757e-03 3.354004e-02 3.957655e-04 8.656954e-03
164 6.924945e-03 3.385576e-02 3.957493e-04 8.540206e-03
165 6.790717e-03 3.416232e-02 3.957332e-04 8.444388e-03
166 6.671061e-03 3.446052e-02 3.957173e-04 8.367944e-03
167 6.565463e-03 3.475080e-02 3.957012e-04 8.308915e-03
168 6.475044e-03 3.504070e-02 3.956848e-04 8.267290e-03
169 6.403152e-03 3.523200e-02 3.956687e-04 8.239090e-03
170 6.349631e-03 3.542309e-02 3.956526e-04 8.227407e-03
171 6.310228e-03 3.565989e-02 3.956367e-04 8.228287e-03
172 6.281042e-03 3.595128e-02 3.956206e-04 8.238627e-03
173 6.259770e-03 3.624956e-02 3.956045e-04 8.257199e-03
174 6.245608e-03 3.654716e-02 3.955883e-04 8.282785e-03
175 6.238879e-03 3.682872e-02 3.955720e-04 8.313931e-03
176 6.238619e-03 3.709607e-02 3.955557e-04 8.350002e-03
177 6.244049e-03 3.735432e-02 3.955391e-04 8.390976e-03
178 6.254465e-03 3.760853e-02 3.955225e-04 8.437024e-03
179 6.268319e-03 3.785798e-02 3.955057e-04 8.487332e-03
180 6.285753e-03 3.810482e-02 3.954887e-04 8.542299e-03
181 6.306989e-03 3.835056e-02 3.954716e-04 8.602915e-03
182 6.333319e-03 3.870540e-02 3.954543e-04 8.672824e-03
183 6.367394e-03 3.926056e-02 3.954367e-04 8.758981e-03
184 6.407564e-03 3.986332e-02 3.954189e-04 8.858604e-03
185 6.439757e-03 4.051368e-02 3.954008e-04 8.939707e-03
186 6.456839e-03 4.116327e-02 3.953828e-04 8.985411e-03
187 6.472464e-03 4.182478e-02 3.953648e-04 9.026964e-03
188 6.489516e-03 4.249868e-02 3.953466e-04 9.073112e-03
189 6.506968e-03 4.316732e-02 3.953283e-04 9.122137e-03
190 6.524805e-03 4.383357e-02 3.953099e-04 9.173779e-03
191 6.543100e-03 4.450480e-02 3.952914e-04 9.228247e-03
192 6.562421e-03 4.518562e-02 3.952728e-04 9.285882e-03
193 6.582970e-03 4.587947e-02 3.952540e-04 9.346929e-03
194 6.604694e-03 4.658832e-02 3.952351e-04 9.411348e-03
195 6.627771e-03 4.731323e-02 3.952160e-04 9.479080e-03
196 6.652563e-03 4.805502e-02 3.951967e-04 9.550323e-03
197 6.679528e-03 4.881537e-02 3.951773e-04 9.625684e-03
198 6.709082e-03 4.959198e-02 3.951577e-04 9.705779e-03
199 6.741946e-03 5.038852e-02 3.951378e-04 9.791679e-03
200 6.778504e-03 5.119542e-02 3.951178e-04 9.883630e-03
201 6.819740e-03 5.202682e-02 3.950974e-04 9.983343e-03
202 6.866246e-03 5.288007e-02 3.950767e-04 1.009157e-02
203 6.919021e-03 5.375798e-02 3.950556e-04 1.020987e-02
204 6.979109e-03 5.466010e-02 3.950342e-04 1.033977e-02
205 7.047393e-03 5.558528e-02 3.950123e-04 1.048263e-02
206 7.125151e-03 5.653446e-02 3.949899e-04 1.064052e-02
207 7.213008e-03 5.750476e-02 3.949670e-04 1.081448e-02
208 7.312085e-03 5.849376e-02 3.949434e-04 1.100617e-02
209 7.424130e-03 5.950136e-02 3.949191e-04 1.121923e-02
210 7.550027e-03 6.052667e-02 3.948940e-04 1.145584e-02
211 7.690976e-03 6.156450e-02 3.948681e-04 1.171883e-02
212 7.847937e-03 6.260670e-02 3.948411e-04 1.201076e-02
213 8.022235e-03 6.365036e-02 3.948130e-04 1.233601e-02
214 8.214083e-03 6.467818e-02 3.947835e-04 1.269523e-02
215 8.427776e-03 6.567490e-02 3.947528e-04 1.309537e-02
216 8.657891e-03 6.665141e-02 3.947207e-04 1.353855e-02
217 8.902750e-03 6.759781e-02 3.946871e-04 1.402387e-02
218 9.149293e-03 7.089997e-02 3.946519e-04 1.453170e-02
219 9.399168e-03 7.986282e-02 3.946151e-04 1.506267e-02
220 9.662176e-03 8.933575e-02 3.945766e-04 1.563256e-02
221 9.929416e-03 9.918720e-02 3.945365e-04 1.622793e-02
222 1.020072e-02 1.091473e-01 3.944949e-04 1.683997e-02
223 1.046929e-02 1.189116e-01 3.944519e-04 1.745199e-02
224 1.072874e-02 1.280613e-01 3.944078e-04 1.804372e-02
225 1.097161e-02 1.360237e-01 3.943629e-04 1.858626e-02
226 1.119302e-02 1.422485e-01 3.943175e-04 1.905260e-02
227 1.139094e-02 1.462531e-01 3.942721e-04 1.942166e-02
228 1.156701e-02 1.477136e-01 3.942268e-04 1.968201e-02
229 1.173984e-02 1.465820e-01 3.941817e-04 1.984820e-02
230 1.188246e-02 1.426860e-01 3.941371e-04 1.989871e-02
231 1.203974e-02 1.366732e-01 3.940910e-04 1.989776e-02
232 1.220385e-02 1.289982e-01 3.940810e-04 1.982656e-02
233 1.220620e-02 1.277354e-01 3.940242e-04 1.981297e-02
234 1.250846e-02 1.192751e-01 3.940093e-04 1.991692e-02
235 1.259025e-02 1.175486e-01 3.939800e-04 1.997682e-02
236 1.287567e-02 1.135016e-01 3.939293e-04 2.022853e-02
237 1.339566e-02 1.049116e-01 3.938966e-04 2.063241e-02
238 1.372806e-02 9.557056e-02 3.938477e-04 2.077695e-02
239 1.425552e-02 1.029633e-01 3.937916e-04 2.110553e-02
240 1.493179e-02 1.071302e-01 3.937320e-04 2.186558e-02
241 1.558723e-02 1.112770e-01 3.936685e-04 2.261107e-02
242 1.617839e-02 1.153312e-01 3.936175e-04 2.331075e-02
243 1.657495e-02 1.188391e-01 3.935481e-04 2.382244e-02
244 1.693521e-02 1.231296e-01 3.934767e-04 2.430921e-02
245 1.712080e-02 1.277424e-01 3.934048e-04 2.463378e-02
246 1.710337e-02 1.337827e-01 3.933338e-04 2.477784e-02
247 1.693468e-02 1.355896e-01 3.932648e-04 2.476130e-02
248 1.639595e-02 1.341823e-01 3.931994e-04 2.400570e-02
249 1.581839e-02 1.335493e-01 3.931379e-04 2.332172e-02
250 1.517605e-02 1.323351e-01 3.930806e-04 2.257074e-02
251 1.448611e-02 1.307125e-01 3.930276e-04 2.176020e-02
252 1.379073e-02 1.286231e-01 3.929786e-04 2.092327e-02
253 1.312147e-02 1.260350e-01 3.929331e-04 2.009406e-02
254 1.252118e-02 1.229830e-01 3.928891e-04 1.933172e-02
255 1.192144e-02 1.197727e-01 3.928701e-04 1.858930e-02
256 1.163060e-02 1.183173e-01 3.928318e-04 1.823505e-02
257 1.106786e-02 1.146806e-01 3.927962e-04 1.752373e-02
258 1.055122e-02 1.110692e-01 3.927631e-04 1.685939e-02
259 1.007848e-02 1.074109e-01 3.927322e-04 1.624265e-02
260 9.642059e-03 1.037402e-01 3.927032e-04 1.566135e-02
261 9.237067e-03 1.000322e-01 3.926760e-04 1.511131e-02
262 8.858680e-03 9.632715e-02 3.926505e-04 1.458917e-02
263 8.503886e-03 9.267198e-02 3.926263e-04 1.409377e-02
264 8.171512e-03 8.907335e-02 3.926035e-04 1.362349e-02
265 7.865662e-03 8.557624e-02 3.925818e-04 1.319105e-02
266 7.582998e-03 8.204376e-02 3.925609e-04 1.278786e-02
267 7.307554e-03 7.831048e-02 3.925408e-04 1.234937e-02
268 7.042687e-03 7.466830e-02 3.925262e-04 1.189181e-02
269 6.863869e-03 7.259977e-02 3.925084e-04 1.163121e-02
270 6.636370e-03 6.945284e-02 3.924914e-04 1.126982e-02
271 6.422255e-03 6.753819e-02 3.924752e-04 1.093514e-02
272 6.219088e-03 6.604055e-02 3.924598e-04 1.061471e-02
273 6.027286e-03 6.454539e-02 3.924451e-04 1.030900e-02
274 5.846434e-03 6.306962e-02 3.924311e-04 1.001787e-02
275 5.675277e-03 6.160907e-02 3.924177e-04 9.739126e-03
276 5.513495e-03 6.017321e-02 3.924048e-04 9.472562e-03
277 5.360865e-03 5.877025e-02 3.923925e-04 9.218112e-03
278 5.215835e-03 5.737948e-02 3.923807e-04 8.972367e-03
279 5.078451e-03 5.600975e-02 3.923694e-04 8.735883e-03
280 4.948917e-03 5.468948e-02 3.923585e-04 8.509417e-03
281 4.827625e-03 5.341286e-02 3.923481e-04 8.293707e-03
282 4.713648e-03 5.218759e-02 3.923380e-04 8.088457e-03
283 4.606780e-03 5.100701e-02 3.923284e-04 7.893315e-03
284 4.505604e-03 4.989240e-02 3.923190e-04 7.707077e-03
285 4.408148e-03 4.882747e-02 3.923101e-04 7.525653e-03
286 4.315378e-03 4.776383e-02 3.923014e-04 7.348797e-03
287 4.226390e-03 4.669745e-02 3.922931e-04 7.176518e-03
288 4.140159e-03 4.564922e-02 3.922852e-04 7.010142e-03
289 4.057773e-03 4.461594e-02 3.922776e-04 6.850427e-03
290 3.984699e-03 4.359328e-02 3.922702e-04 6.699424e-03
291 3.924466e-03 4.257934e-02 3.922631e-04 6.558818e-03
292 3.859708e-03 4.156889e-02 3.922562e-04 6.418391e-03
293 3.778265e-03 4.056015e-02 3.922496e-04 6.268331e-03
294 3.693126e-03 3.958384e-02 3.922433e-04 6.119303e-03
295 3.611337e-03 3.861659e-02 3.922373e-04 5.975855e-03
296 3.533475e-03 3.765812e-02 3.922315e-04 5.838308e-03
297 3.459007e-03 3.672101e-02 3.922259e-04 5.705828e-03
298 3.387188e-03 3.579148e-02 3.922205e-04 5.577273e-03
299 3.317650e-03 3.485940e-02 3.922153e-04 5.452247e-03
300 3.250314e-03 3.395174e-02 3.922104e-04 5.330978e-03
301 3.185090e-03 3.308389e-02 3.922056e-04 5.213685e-03
302 3.121437e-03 3.223105e-02 3.922009e-04 5.098808e-03
303 3.059420e-03 3.139664e-02 3.921965e-04 4.986999e-03
304 2.999063e-03 3.058676e-02 3.921922e-04 4.878672e-03
305 2.940255e-03 2.979951e-02 3.921880e-04 4.773646e-03
306 2.882846e-03 2.903060e-02 3.921840e-04 4.671593e-03
307 2.826878e-03 2.828389e-02 3.921802e-04 4.572696e-03
308 2.772194e-03 2.755700e-02 3.921764e-04 4.476670e-03
309 2.718746e-03 2.685185e-02 3.921728e-04 4.383548e-03
310 2.666276e-03 2.615453e-02 3.921694e-04 4.292747e-03
311 2.614684e-03 2.546148e-02 3.921660e-04 4.203965e-03
312 2.563765e-03 2.476397e-02 3.921628e-04 4.116670e-03
313 2.513606e-03 2.406489e-02 3.921597e-04 4.031022e-03
314 2.464335e-03 2.337335e-02 3.921566e-04 3.947236e-03
315 2.416332e-03 2.270812e-02 3.921537e-04 3.865914e-03
316 2.369338e-03 2.204086e-02 3.921509e-04 3.786474e-03
317 2.323456e-03 2.139461e-02 3.921481e-04 3.708860e-03
318 2.278674e-03 2.094738e-02 3.921455e-04 3.633126e-03
319 2.234972e-03 2.052255e-02 3.921429e-04 3.559315e-03
320 2.192357e-03 2.009622e-02 3.921405e-04 3.487943e-03
321 2.150730e-03 1.965245e-02 3.921381e-04 3.418652e-03
322 2.109829e-03 1.920104e-02 3.921358e-04 3.349495e-03
323 2.069208e-03 1.873978e-02 3.921336e-04 3.279784e-03
324 2.028895e-03 1.826695e-02 3.921315e-04 3.211074e-03
325 1.989011e-03 1.781235e-02 3.921294e-04 3.142796e-03
326 1.949595e-03 1.738391e-02 3.921275e-04 3.075880e-03
327 1.910678e-03 1.698433e-02 3.921256e-04 3.010534e-03
328 1.872346e-03 1.661389e-02 3.921238e-04 2.946818e-03
329 1.834597e-03 1.627441e-02 3.921220e-04 2.884896e-03
330 1.797782e-03 1.596976e-02 3.921202e-04 2.824973e-03
331 1.763109e-03 1.570395e-02 3.921185e-04 2.769367e-03
332 1.731285e-03 1.551593e-02 3.921168e-04 2.720539e-03
333 1.701209e-03 1.534272e-02 3.921151e-04 2.673671e-03
334 1.668333e-03 1.513725e-02 3.921136e-04 2.623452e-03
335 1.635944e-03 1.494984e-02 3.921121e-04 2.574141e-03
336 1.604485e-03 1.478125e-02 3.921107e-04 2.526595e-03
337 1.573796e-03 1.462125e-02 3.921094e-04 2.480753e-03
338 1.543739e-03 1.446766e-02 3.921081e-04 2.436791e-03
339 1.521219e-03 1.435653e-02 3.921059e-04 2.404688e-03
340 1.523349e-03 1.427160e-02 3.921040e-04 2.410110e-03
341 1.504245e-03 1.424753e-02 3.921016e-04 2.382086e-03
342 1.467171e-03 1.411969e-02 3.921001e-04 2.329865e-03
343 1.433813e-03 1.393250e-02 3.920988e-04 2.284347e-03
344 1.404879e-03 1.371353e-02 3.920976e-04 2.243063e-03
345 1.378586e-03 1.347862e-02 3.920965e-04 2.203535e-03
346 1.353623e-03 1.324255e-02 3.920955e-04 2.164585e-03
347 1.329538e-03 1.300277e-02 3.920945e-04 2.126256e-03
348 1.305861e-03 1.276094e-02 3.920935e-04 2.088074e-03
349 1.282371e-03 1.252081e-02 3.920926e-04 2.049822e-03
350 1.258862e-03 1.229313e-02 3.920918e-04 2.011166e-03
351 1.235471e-03 1.207785e-02 3.920909e-04 1.972701e-03
352 1.212414e-03 1.186903e-02 3.920901e-04 1.935124e-03
353 1.189324e-03 1.167224e-02 3.920893e-04 1.897757e-03
354 1.166471e-03 1.148042e-02 3.920886e-04 1.861219e-03
355 1.143783e-03 1.129415e-02 3.920879e-04 1.825218e-03
356 1.121240e-03 1.111412e-02 3.920872e-04 1.789652e-03
357 1.098895e-03 1.094235e-02 3.920865e-04 1.754565e-03
358 1.077006e-03 1.076774e-02 3.920859e-04 1.720499e-03
359 1.055370e-03 1.059176e-02 3.920852e-04 1.686810e-03
360 1.033927e-03 1.042191e-02 3.920846e-04 1.653312e-03
361 1.012774e-03 1.025641e-02 3.920840e-04 1.620324e-03
362 9.918649e-04 1.009985e-02 3.920835e-04 1.587711e-03
363 9.715254e-04 9.946403e-03 3.920829e-04 1.556244e-03
364 9.515797e-04 9.798812e-03 3.920824e-04 1.525535e-03
365 9.320248e-04 9.657831e-03 3.920819e-04 1.495576e-03
366 9.128752e-04 9.524188e-03 3.920814e-04 1.466361e-03
367 8.941266e-04 9.398582e-03 3.920809e-04 1.437903e-03
368 8.758825e-04 9.277352e-03 3.920804e-04 1.410453e-03
369 8.581690e-04 9.156461e-03 3.920799e-04 1.384046e-03
370 8.408617e-04 9.039782e-03 3.920795e-04 1.358362e-03
371 8.239703e-04 8.927756e-03 3.920790e-04 1.333448e-03
372 8.075166e-04 8.818964e-03 3.920786e-04 1.309353e-03
373 7.914698e-04 8.714853e-03 3.920782e-04 1.285994e-03
374 7.757538e-04 8.619916e-03 3.920778e-04 1.263233e-03
375 7.604460e-04 8.533395e-03 3.920774e-04 1.241310e-03
376 7.455925e-04 8.453340e-03 3.920770e-04 1.220337e-03
377 7.311682e-04 8.379080e-03 3.920766e-04 1.200247e-03
378 7.172108e-04 8.307466e-03 3.920762e-04 1.181102e-03
379 7.035841e-04 8.241938e-03 3.920758e-04 1.162586e-03
380 6.903345e-04 8.183462e-03 3.920755e-04 1.144845e-03
381 6.774903e-04 8.132607e-03 3.920751e-04 1.127979e-03
382 6.650276e-04 8.090650e-03 3.920747e-04 1.111964e-03
383 6.530346e-04 8.054708e-03 3.920744e-04 1.096999e-03
384 6.414733e-04 8.023628e-03 3.920740e-04 1.082973e-03
385 6.303312e-04 7.996408e-03 3.920737e-04 1.069834e-03
386 6.196590e-04 7.966315e-03 3.920733e-04 1.057591e-03
387 6.094348e-04 7.926262e-03 3.920730e-04 1.046125e-03
388 5.994600e-04 7.880578e-03 3.920726e-04 1.034934e-03
389 5.897554e-04 7.830044e-03 3.920723e-04 1.024078e-03
390 5.802863e-04 7.775572e-03 3.920720e-04 1.013486e-03
391 5.710828e-04 7.711378e-03 3.920716e-04 1.003140e-03
392 5.619966e-04 7.638422e-03 3.920713e-04 9.926379e-04
393 5.529898e-04 7.562436e-03 3.920710e-04 9.819870e-04
394 5.440910e-04 7.485546e-03 3.920706e-04 9.713312e-04
1 6.285433e-01 1.871645e+00 3.488894e-04 7.533686e-01
2 5.872622e-01 1.739509e+00 3.431175e-04 7.059371e-01
3 4.887832e-01 1.399712e+00 3.397618e-04 5.916770e-01
4 4.320225e-01 1.228530e+00 3.352091e-04 5.267937e-01
5 3.459691e-01 1.042918e+00 3.343662e-04 4.266958e-01
6 3.096724e-01 1.000866e+00 3.327699e-04 3.845596e-01
7 2.821205e-01 9.365413e-01 3.292473e-04 3.531716e-01
8 2.169671e-01 7.235657e-01 3.282283e-04 2.751748e-01
9 2.029363e-01 6.832156e-01 3.263151e-04 2.584925e-01
10 1.717829e-01 5.693620e-01 3.255300e-04 2.199526e-01
11 1.597834e-01 5.256906e-01 3.240394e-04 2.048583e-01
12 1.335632e-01 4.207288e-01 3.234836e-04 1.711900e-01
13 1.244002e-01 3.883920e-01 3.227127e-04 1.593749e-01
14 1.103771e-01 3.550770e-01 3.221566e-04 1.411546e-01
15 9.978380e-02 3.288512e-01 3.218067e-04 1.273445e-01
16 9.286200e-02 3.106477e-01 3.213093e-04 1.183282e-01
17 8.220562e-02 2.821175e-01 3.210706e-04 1.044196e-01
18 7.698883e-02 2.673122e-01 3.207109e-04 9.763790e-02
19 6.852479e-02 2.431135e-01 3.205121e-04 8.664582e-02
20 6.372170e-02 2.288104e-01 3.202919e-04 8.043340e-02
21 5.812211e-02 2.121470e-01 3.200734e-04 7.320238e-02
22 5.232490e-02 1.940223e-01 3.199421e-04 6.574212e-02
23 4.873291e-02 1.826100e-01 3.196909e-04 6.112591e-02
24 4.137742e-02 1.581284e-01 3.196011e-04 5.170486e-02
25 3.870869e-02 1.491447e-01 3.194467e-04 4.829599e-02
26 3.385700e-02 1.321715e-01 3.193691e-04 4.211188e-02
27 3.135322e-02 1.233132e-01 3.192439e-04 3.892754e-02
28 2.711002e-02 1.077772e-01 3.191900e-04 3.354542e-02
29 2.525266e-02 1.009470e-01 3.191003e-04 3.119414e-02
30 2.201919e-02 8.864670e-02 3.190548e-04 2.710720e-02
31 2.033240e-02 8.221179e-02 3.189908e-04 2.498464e-02
32 1.787198e-02 7.255557e-02 3.189525e-04 2.189655e-02
33 1.636202e-02 6.660853e-02 3.189066e-04 2.001139e-02
34 1.449439e-02 5.907265e-02 3.188721e-04 1.768734e-02
35 1.304481e-02 5.319950e-02 3.188398e-04 1.589657e-02
36 1.164672e-02 4.743644e-02 3.188125e-04 1.417695e-02
37 1.044064e-02 4.241382e-02 3.187895e-04 1.270575e-02
38 9.398769e-03 3.801909e-02 3.187700e-04 1.144346e-02
39 8.493485e-03 3.416111e-02 3.187533e-04 1.035349e-02
40 7.701220e-03 3.074989e-02 3.187389e-04 9.405536e-03
41 6.995229e-03 2.772099e-02 3.187266e-04 8.568766e-03
42 6.366409e-03 2.502456e-02 3.187160e-04 7.829534e-03
43 5.808944e-03 2.398031e-02 3.187067e-04 7.177870e-03
44 5.313827e-03 2.308816e-02 3.186987e-04 6.601336e-03
45 4.874904e-03 2.217871e-02 3.186917e-04 6.090593e-03
46 4.484250e-03 2.124996e-02 3.186855e-04 5.635569e-03
47 4.136500e-03 2.031376e-02 3.186801e-04 5.229026e-03
48 3.825617e-03 1.937291e-02 3.186754e-04 4.863478e-03
49 3.546534e-03 1.843406e-02 3.186712e-04 4.533350e-03
50 3.294408e-03 1.751570e-02 3.186676e-04 4.233762e-03
51 3.065420e-03 1.663421e-02 3.186643e-04 3.960594e-03
52 2.856568e-03 1.580010e-02 3.186615e-04 3.710921e-03
53 2.666290e-03 1.502995e-02 3.186590e-04 3.483413e-03
54 2.490311e-03 1.425547e-02 3.186568e-04 3.271689e-03
55 2.327301e-03 1.344749e-02 3.186548e-04 3.073135e-03
56 2.179216e-03 1.268241e-02 3.186530e-04 2.891494e-03
57 2.043299e-03 1.195425e-02 3.186514e-04 2.723982e-03
58 1.918162e-03 1.138065e-02 3.186500e-04 2.569072e-03
59 1.802704e-03 1.093868e-02 3.186488e-04 2.425493e-03
60 1.695821e-03 1.051482e-02 3.186476e-04 2.292026e-03
61 1.596571e-03 1.010808e-02 3.186466e-04 2.167781e-03
62 1.504399e-03 9.715898e-03 3.186457e-04 2.052050e-03
63 1.419488e-03 9.334327e-03 3.186448e-04 1.944652e-03
64 1.343147e-03 8.960929e-03 3.186440e-04 1.846291e-03
65 1.280713e-03 8.577988e-03 3.186432e-04 1.761628e-03
66 1.224379e-03 8.232765e-03 3.186425e-04 1.684062e-03
67 1.165923e-03 7.945271e-03 3.186418e-04 1.606356e-03
68 1.105873e-03 7.692032e-03 3.186412e-04 1.529029e-03
69 1.048819e-03 7.442667e-03 3.186407e-04 1.456494e-03
70 9.953497e-04 7.192894e-03 3.186402e-04 1.388564e-03
71 9.450684e-04 6.945906e-03 3.186398e-04 1.324540e-03
72 8.978226e-04 6.703783e-03 3.186395e-04 1.264158e-03
73 8.533846e-04 6.467988e-03 3.186391e-04 1.207172e-03
74 8.116094e-04 6.239244e-03 3.186388e-04 1.153416e-03
75 7.723347e-04 6.018003e-03 3.186386e-04 1.102714e-03
76 7.353853e-04 5.804440e-03 3.186383e-04 1.054890e-03
77 7.006083e-04 5.598572e-03 3.186381e-04 1.009777e-03
78 6.678606e-04 5.400326e-03 3.186379e-04 9.672187e-04
79 6.370087e-04 5.209569e-03 3.186377e-04 9.270694e-04
80 6.079251e-04 5.026130e-03 3.186375e-04 8.891846e-04
1 4.050191e-01 2.798727e+00 3.173431e-04 5.777825e-01
2 3.720629e-01 2.715896e+00 3.165509e-04 5.306841e-01
3 3.524053e-01 2.644828e+00 3.158161e-04 5.047517e-01
4 3.392867e-01 2.571364e+00 3.151587e-04 4.872850e-01
5 3.263381e-01 2.492517e+00 3.142396e-04 4.703578e-01
6 3.107866e-01 2.321398e+00 3.123838e-04 4.484870e-01
7 2.758495e-01 1.758819e+00 3.116368e-04 3.935182e-01
1 1.518955e+00 2.880421e+00 8.488239e-03 1.597123e+00
2 1.149777e+00 2.067830e+00 2.824567e-03 1.209596e+00
3 8.203882e-01 1.537687e+00 6.647118e-04 8.707422e-01
4 5.106359e-01 1.006113e+00 2.363634e-04 5.508340e-01
5 2.935699e-01 6.746086e-01 2.098973e-04 3.291352e-01
6 2.108037e-01 4.847312e-01 1.977183e-04 2.358095e-01
7 1.556728e-01 3.547193e-01 1.910009e-04 1.735399e-01
8 1.169478e-01 2.606259e-01 1.869360e-04 1.300309e-01
9 9.027962e-02 1.886004e-01 1.842926e-04 1.000179e-01
10 7.179950e-02 1.434987e-01 1.824739e-04 7.929224e-02
11 5.860139e-02 1.304708e-01 1.811687e-04 6.464531e-02
12 4.872754e-02 1.217104e-01 1.805069e-04 5.384744e-02
13 4.344321e-02 1.156638e-01 1.800790e-04 4.814700e-02
14 4.004205e-02 1.123125e-01 1.794587e-04 4.451054e-02
15 3.500030e-02 1.133187e-01 1.792317e-04 3.916896e-02
16 3.305535e-02 1.131759e-01 1.791070e-04 3.713641e-02
17 3.194994e-02 1.128834e-01 1.790379e-04 3.599035e-02
18 3.120251e-02 1.126310e-01 1.789421e-04 3.522952e-02
19 3.032411e-02 1.121120e-01 1.788266e-04 3.430927e-02
20 2.929229e-02 1.112448e-01 1.787391e-04 3.320727e-02
21 2.839540e-02 1.106396e-01 1.786811e-04 3.228668e-02
22 2.772918e-02 1.101540e-01 1.786151e-04 3.161096e-02
23 2.703217e-02 1.095041e-01 1.785504e-04 3.088923e-02
24 2.638297e-02 1.089394e-01 1.784764e-04 3.021447e-02
25 2.560803e-02 1.082554e-01 1.784094e-04 2.941442e-02
26 2.496080e-02 1.075273e-01 1.783274e-04 2.874449e-02
27 2.416209e-02 1.065231e-01 1.782317e-04 2.791390e-02
28 2.324425e-02 1.053292e-01 1.780866e-04 2.697288e-02
29 2.188300e-02 1.031531e-01 1.779850e-04 2.555163e-02
30 2.094970e-02 1.015522e-01 1.779279e-04 2.457085e-02
31 2.040183e-02 1.006427e-01 1.778409e-04 2.400163e-02
32 1.954544e-02 9.908288e-02 1.777447e-04 2.310949e-02
33 1.863668e-02 9.714991e-02 1.776170e-04 2.214513e-02
34 1.741425e-02 9.429882e-02 1.775616e-04 2.085127e-02
35 1.688773e-02 9.291372e-02 1.774611e-04 2.028167e-02
36 1.592946e-02 9.027702e-02 1.774135e-04 1.925197e-02
37 1.548088e-02 8.889756e-02 1.773148e-04 1.876341e-02
38 1.455572e-02 8.582538e-02 1.772791e-04 1.775879e-02
39 1.422752e-02 8.470745e-02 1.771746e-04 1.739954e-02
40 1.328384e-02 8.117104e-02 1.771469e-04 1.637013e-02
41 1.303160e-02 8.017037e-02 1.770995e-04 1.608884e-02
42 1.261516e-02 7.844966e-02 1.770508e-04 1.562870e-02
43 1.219956e-02 7.666713e-02 1.770052e-04 1.516952e-02
44 1.182026e-02 7.493680e-02 1.769629e-04 1.474857e-02
45 1.147742e-02 7.332257e-02 1.769191e-04 1.436754e-02
46 1.113301e-02 7.160696e-02 1.768805e-04 1.398325e-02
47 1.083801e-02 7.010429e-02 1.768398e-04 1.365395e-02
48 1.053586e-02 6.847596e-02 1.768019e-04 1.331491e-02
49 1.026263e-02 6.697608e-02 1.767673e-04 1.300853e-02
50 1.002099e-02 6.557740e-02 1.767212e-04 1.273562e-02
51 9.707406e-03 6.371456e-02 1.766971e-04 1.238220e-02
52 9.548313e-03 6.272510e-02 1.766305e-04 1.220053e-02
53 9.120714e-03 5.995940e-02 1.766133e-04 1.171651e-02
54 9.011848e-03 5.922087e-02 1.765796e-04 1.158883e-02
55 8.806536e-03 5.786541e-02 1.765511e-04 1.135460e-02
56 8.633986e-03 5.666244e-02 1.765045e-04 1.115562e-02
57 8.359147e-03 5.468155e-02 1.764877e-04 1.083914e-02
58 8.261285e-03 5.394574e-02 1.764412e-04 1.072362e-02
59 7.853433e-03 5.083513e-02 1.764178e-04 1.025897e-02
60 7.722923e-03 4.982434e-02 1.763775e-04 1.010361e-02
61 7.502661e-03 4.807659e-02 1.763332e-04 9.843137e-03
62 7.264042e-03 4.610004e-02 1.762807e-04 9.557022e-03
63 6.974339e-03 4.371161e-02 1.762577e-04 9.209842e-03
64 6.847299e-03 4.265689e-02 1.762093e-04 9.054344e-03
65 6.583286e-03 4.039375e-02 1.761862e-04 8.731649e-03
66 6.460062e-03 3.935774e-02 1.761393e-04 8.579448e-03
67 6.211123e-03 3.722754e-02 1.761164e-04 8.273847e-03
68 6.096895e-03 3.623386e-02 1.760711e-04 8.130033e-03
69 5.873419e-03 3.454166e-02 1.760469e-04 7.849896e-03
70 5.758247e-03 3.454546e-02 1.760034e-04 7.704938e-03
71 5.550223e-03 3.447246e-02 1.759768e-04 7.446186e-03
72 5.436019e-03 3.437500e-02 1.759309e-04 7.301109e-03
73 5.232124e-03 3.413161e-02 1.759037e-04 7.045846e-03
74 5.121354e-03 3.393296e-02 1.758588e-04 6.905464e-03
75 4.926326e-03 3.353678e-02 1.758284e-04 6.664845e-03
76 4.807521e-03 3.320912e-02 1.757916e-04 6.512132e-03
77 4.658178e-03 3.275858e-02 1.757895e-04 6.322551e-03
78 4.473012e-03 3.228869e-02 1.757463e-04 6.100659e-03
79 4.329207e-03 3.152117e-02 1.757247e-04 5.909447e-03
80 4.249665e-03 3.117207e-02 1.756891e-04 5.802609e-03
81 4.115980e-03 3.046357e-02 1.756493e-04 5.622362e-03
82 3.966659e-03 2.955119e-02 1.756104e-04 5.418602e-03
83 3.823196e-03 2.857766e-02 1.755721e-04 5.217981e-03
84 3.686323e-03 2.755988e-02 1.755346e-04 5.021640e-03
85 3.558118e-03 2.648837e-02 1.754979e-04 4.831696e-03
86 3.435563e-03 2.537110e-02 1.754619e-04 4.646594e-03
87 3.319256e-03 2.423113e-02 1.754268e-04 4.468608e-03
88 3.205155e-03 2.310450e-02 1.753928e-04 4.297108e-03
89 3.098147e-03 2.201217e-02 1.753602e-04 4.136167e-03
90 2.999120e-03 2.097847e-02 1.753293e-04 3.987793e-03
91 2.908193e-03 1.998604e-02 1.753009e-04 3.847708e-03
92 2.821843e-03 1.904206e-02 1.752749e-04 3.717634e-03
93 2.742834e-03 1.812226e-02 1.752510e-04 3.596206e-03
94 2.654816e-03 1.710899e-02 1.752266e-04 3.463394e-03
95 2.597300e-03 1.600857e-02 1.752213e-04 3.387558e-03
96 2.588449e-03 1.999027e-02 1.752088e-04 3.356799e-03
97 2.527243e-03 1.908097e-02 1.752024e-04 3.315401e-03
98 2.531121e-03 1.645464e-02 1.751872e-04 3.292909e-03
99 2.493797e-03 1.549371e-02 1.751695e-04 3.242561e-03
100 2.458556e-03 1.498708e-02 1.751505e-04 3.183062e-03
101 2.398982e-03 1.431046e-02 1.751377e-04 3.094970e-03
102 2.364294e-03 1.384480e-02 1.751211e-04 3.039883e-03
103 2.306044e-03 1.317758e-02 1.751054e-04 2.955944e-03
104 2.251779e-03 1.251638e-02 1.750907e-04 2.876215e-03
105 2.197384e-03 1.186004e-02 1.750769e-04 2.797144e-03
106 2.143923e-03 1.124192e-02 1.750640e-04 2.719637e-03
107 2.091335e-03 1.070161e-02 1.750521e-04 2.643722e-03
108 2.040014e-03 1.039385e-02 1.750410e-04 2.569984e-03
109 1.990192e-03 1.008380e-02 1.750306e-04 2.498814e-03
110 1.942072e-03 9.772973e-03 1.750207e-04 2.430566e-03
111 1.895727e-03 9.464542e-03 1.750113e-04 2.365403e-03
112 1.851212e-03 9.160702e-03 1.750024e-04 2.303420e-03
113 1.808568e-03 8.859545e-03 1.749937e-04 2.244690e-03
114 1.767836e-03 8.562048e-03 1.749853e-04 2.189283e-03
115 1.729023e-03 8.269168e-03 1.749770e-04 2.137301e-03
116 1.692182e-03 7.982059e-03 1.749690e-04 2.088921e-03
117 1.657434e-03 7.701912e-03 1.749611e-04 2.044415e-03
118 1.624886e-03 7.429701e-03 1.749533e-04 2.004096e-03
119 1.594570e-03 7.166297e-03 1.749457e-04 1.968175e-03
120 1.566521e-03 6.986158e-03 1.749382e-04 1.936925e-03
121 1.540726e-03 7.087482e-03 1.749310e-04 1.910487e-03
122 1.517127e-03 7.208077e-03 1.749240e-04 1.888792e-03
123 1.495694e-03 7.351467e-03 1.749172e-04 1.871690e-03
124 1.476393e-03 7.506402e-03 1.749107e-04 1.858902e-03
125 1.459274e-03 7.667557e-03 1.749045e-04 1.850103e-03
126 1.444504e-03 7.829082e-03 1.748986e-04 1.845068e-03
127 1.430910e-03 7.986988e-03 1.748928e-04 1.842710e-03
128 1.417938e-03 8.141745e-03 1.748873e-04 1.842211e-03
129 1.406180e-03 8.291693e-03 1.748818e-04 1.843571e-03
130 1.395693e-03 8.437861e-03 1.748764e-04 1.846587e-03
131 1.386625e-03 8.575602e-03 1.748711e-04 1.851235e-03
132 1.379323e-03 8.704954e-03 1.748658e-04 1.857728e-03
133 1.376556e-03 8.831319e-03 1.748603e-04 1.867645e-03
134 1.419216e-03 9.147411e-03 1.748529e-04 1.912552e-03
135 1.392759e-03 9.063016e-03 1.748501e-04 1.902467e-03
136 1.394573e-03 9.097259e-03 1.748441e-04 1.907703e-03
137 1.393962e-03 9.178036e-03 1.748382e-04 1.918102e-03
138 1.389131e-03 9.267695e-03 1.748324e-04 1.927449e-03
139 1.381903e-03 9.358348e-03 1.748267e-04 1.936042e-03
140 1.373299e-03 9.445369e-03 1.748210e-04 1.944051e-03
141 1.364244e-03 9.526731e-03 1.748154e-04 1.951740e-03
142 1.355306e-03 9.601402e-03 1.748099e-04 1.959247e-03
143 1.346744e-03 9.669073e-03 1.748045e-04 1.966617e-03
144 1.338669e-03 9.729556e-03 1.747992e-04 1.973878e-03
145 1.331240e-03 9.782666e-03 1.747941e-04 1.981064e-03
146 1.324668e-03 9.828048e-03 1.747890e-04 1.988272e-03
147 1.318825e-03 9.865786e-03 1.747840e-04 1.995419e-03
148 1.313473e-03 9.896045e-03 1.747789e-04 2.002341e-03
149 1.308658e-03 9.921394e-03 1.747739e-04 2.009164e-03
150 1.304595e-03 9.943259e-03 1.747687e-04 2.016086e-03
151 1.301557e-03 1.003393e-02 1.747633e-04 2.023293e-03
152 1.299326e-03 1.014500e-02 1.747578e-04 2.030754e-03
153 1.297797e-03 1.024876e-02 1.747520e-04 2.038452e-03
154 1.296703e-03 1.034477e-02 1.747459e-04 2.046191e-03
155 1.295948e-03 1.043282e-02 1.747395e-04 2.053785e-03
156 1.295052e-03 1.051133e-02 1.747329e-04 2.060780e-03
157 1.293678e-03 1.058101e-02 1.747260e-04 2.066881e-03
158 1.292382e-03 1.066202e-02 1.747183e-04 2.073472e-03
159 1.398134e-03 1.654382e-02 1.747146e-04 2.219479e-03
160 1.320585e-03 1.109384e-02 1.747064e-04 2.133962e-03
161 1.299432e-03 1.109229e-02 1.746965e-04 2.121573e-03
162 1.291527e-03 1.108834e-02 1.746913e-04 2.116254e-03
163 1.282972e-03 1.108619e-02 1.746845e-04 2.111505e-03
164 1.297064e-03 1.161053e-02 1.746776e-04 2.176644e-03
165 1.302342e-03 1.193278e-02 1.746714e-04 2.200518e-03
166 1.301732e-03 1.199129e-02 1.746659e-04 2.197023e-03
167 1.300155e-03 1.203145e-02 1.746608e-04 2.193919e-03
168 1.296858e-03 1.206583e-02 1.746561e-04 2.190335e-03
169 1.292460e-03 1.209086e-02 1.746516e-04 2.186113e-03
170 1.287146e-03 1.210287e-02 1.746474e-04 2.181253e-03
171 1.281316e-03 1.209939e-02 1.746434e-04 2.175804e-03
172 1.274961e-03 1.208092e-02 1.746395e-04 2.169890e-03
173 1.268141e-03 1.205663e-02 1.746359e-04 2.163293e-03
174 1.261433e-03 1.202129e-02 1.746323e-04 2.156091e-03
175 1.254398e-03 1.197543e-02 1.746289e-04 2.148093e-03
176 1.246991e-03 1.192367e-02 1.746257e-04 2.139292e-03
177 1.239267e-03 1.186436e-02 1.746225e-04 2.129683e-03
178 1.231264e-03 1.179663e-02 1.746194e-04 2.119257e-03
179 1.222991e-03 1.172346e-02 1.746164e-04 2.108036e-03
180 1.214424e-03 1.164485e-02 1.746135e-04 2.095986e-03
181 1.205647e-03 1.155923e-02 1.746107e-04 2.083142e-03
182 1.196696e-03 1.146657e-02 1.746079e-04 2.069511e-03
183 1.187419e-03 1.137164e-02 1.746052e-04 2.055122e-03
184 1.179586e-03 1.128354e-02 1.746015e-04 2.041420e-03
185 1.366084e-03 1.754287e-02 1.745985e-04 2.187837e-03
186 1.247071e-03 1.185904e-02 1.745941e-04 2.085265e-03
187 1.214466e-03 1.123765e-02 1.745884e-04 2.052731e-03
188 1.166824e-03 1.103580e-02 1.745852e-04 2.008240e-03
189 1.157781e-03 1.091996e-02 1.745823e-04 1.990192e-03
190 1.151954e-03 1.078197e-02 1.745797e-04 1.971093e-03
191 1.142389e-03 1.065810e-02 1.745771e-04 1.952064e-03
192 1.133951e-03 1.052967e-02 1.745745e-04 1.932976e-03
193 1.126223e-03 1.039480e-02 1.745720e-04 1.913537e-03
194 1.118703e-03 1.025531e-02 1.745695e-04 1.893573e-03
195 1.111107e-03 1.011138e-02 1.745671e-04 1.872961e-03
196 1.103140e-03 9.968302e-03 1.745648e-04 1.851635e-03
197 1.095021e-03 9.821623e-03 1.745624e-04 1.829645e-03
198 1.086662e-03 9.671565e-03 1.745602e-04 1.807074e-03
199 1.078237e-03 9.518198e-03 1.745580e-04 1.783997e-03
200 1.069362e-03 9.362391e-03 1.745559e-04 1.760304e-03
201 1.059857e-03 9.205456e-03 1.745538e-04 1.736068e-03
202 1.049568e-03 9.053669e-03 1.745518e-04 1.711408e-03
203 1.038645e-03 8.902435e-03 1.745498e-04 1.686483e-03
204 1.026779e-03 8.751383e-03 1.745479e-04 1.661233e-03
205 1.013969e-03 8.600494e-03 1.745460e-04 1.635670e-03
206 1.000293e-03 8.449813e-03 1.745442e-04 1.609834e-03
207 9.861144e-04 8.299415e-03 1.745423e-04 1.583903e-03
208 9.720407e-04 8.149611e-03 1.745402e-04 1.557916e-03
209 1.120649e-03 2.225548e-02 1.745372e-04 1.752045e-03
210 9.767870e-04 1.080216e-02 1.745316e-04 1.561468e-03
211 9.581301e-04 8.463212e-03 1.745269e-04 1.528519e-03
212 9.629750e-04 9.454791e-03 1.745244e-04 1.521991e-03
213 9.388339e-04 7.652838e-03 1.745218e-04 1.480176e-03
214 9.296873e-04 7.511272e-03 1.745195e-04 1.456531e-03
215 9.204765e-04 7.369904e-03 1.745172e-04 1.433996e-03
216 9.105288e-04 7.229771e-03 1.745149e-04 1.411981e-03
217 9.006840e-04 7.090245e-03 1.745127e-04 1.390504e-03
218 8.906914e-04 6.952172e-03 1.745104e-04 1.369464e-03
219 8.807640e-04 6.815318e-03 1.745080e-04 1.348868e-03
220 8.710193e-04 6.679409e-03 1.745057e-04 1.328703e-03
221 8.609849e-04 6.545635e-03 1.745032e-04 1.308974e-03
222 8.505202e-04 6.414300e-03 1.745008e-04 1.289759e-03
223 8.399237e-04 6.284734e-03 1.744982e-04 1.271205e-03
224 8.294559e-04 6.157429e-03 1.744956e-04 1.253417e-03
225 8.193572e-04 6.030504e-03 1.744930e-04 1.236469e-03
226 8.099865e-04 5.903608e-03 1.744904e-04 1.220554e-03
227 8.020150e-04 5.777651e-03 1.744879e-04 1.206196e-03
228 7.967704e-04 5.654185e-03 1.744855e-04 1.194611e-03
229 7.925327e-04 5.531311e-03 1.744833e-04 1.184440e-03
230 7.835329e-04 5.407087e-03 1.744812e-04 1.170099e-03
231 7.726347e-04 5.283070e-03 1.744793e-04 1.153665e-03
232 7.608756e-04 5.161167e-03 1.744775e-04 1.136213e-03
233 7.488047e-04 5.042296e-03 1.744757e-04 1.118363e-03
234 7.367139e-04 4.926849e-03 1.744741e-04 1.100465e-03
235 7.247523e-04 4.814959e-03 1.744726e-04 1.082723e-03
236 7.130420e-04 4.706543e-03 1.744711e-04 1.065288e-03
237 7.016541e-04 4.601431e-03 1.744697e-04 1.048252e-03
238 6.906133e-04 4.499597e-03 1.744683e-04 1.031681e-03
239 6.799520e-04 4.400725e-03 1.744670e-04 1.015592e-03
240 6.696398e-04 4.304742e-03 1.744657e-04 9.999902e-04
241 6.596638e-04 4.211530e-03 1.744645e-04 9.848926e-04
242 6.500301e-04 4.120712e-03 1.744633e-04 9.702684e-04
1 2.387007e-01 5.953632e-01 1.729146e-04 2.614671e-01
2 1.170332e-01 4.328675e-01 1.722963e-04 1.345025e-01
3 5.993845e-02 3.546953e-01 1.720024e-04 7.568318e-02
4 4.491668e-02 3.308367e-01 1.718046e-04 6.001513e-02
5 3.724910e-02 3.064707e-01 1.716537e-04 5.137022e-02
6 3.258405e-02 2.800988e-01 1.715306e-04 4.539564e-02
7 2.944169e-02 2.524218e-01 1.714259e-04 4.089163e-02
8 2.716988e-02 2.264875e-01 1.713345e-04 3.740977e-02
9 2.543692e-02 2.039160e-01 1.712531e-04 3.468631e-02
10 2.405745e-02 1.851804e-01 1.711797e-04 3.252498e-02
11 2.291557e-02 1.695872e-01 1.711128e-04 3.075673e-02
12 2.194199e-02 1.565150e-01 1.710513e-04 2.927351e-02
13 2.109117e-02 1.453417e-01 1.709945e-04 2.799667e-02
14 2.033364e-02 1.356434e-01 1.709418e-04 2.687537e-02
15 1.964884e-02 1.271211e-01 1.708926e-04 2.587370e-02
16 1.902246e-02 1.195467e-01 1.708465e-04 2.496651e-02
17 1.844470e-02 1.127451e-01 1.708032e-04 2.413659e-02
18 1.790785e-02 1.066141e-01 1.707624e-04 2.337096e-02
19 1.740412e-02 1.010478e-01 1.707236e-04 2.265685e-02
20 1.702317e-02 9.583974e-02 1.706850e-04 2.203834e-02
21 1.658583e-02 9.126840e-02 1.706560e-04 2.143534e-02
22 1.617623e-02 8.776801e-02 1.706227e-04 2.090561e-02
23 1.576949e-02 8.378916e-02 1.705911e-04 2.034446e-02
24 1.538677e-02 8.006938e-02 1.705611e-04 1.981232e-02
25 1.502302e-02 7.660310e-02 1.705323e-04 1.930653e-02
26 1.467603e-02 7.336806e-02 1.705049e-04 1.882489e-02
27 1.434424e-02 7.037935e-02 1.704787e-04 1.836545e-02
28 1.402641e-02 6.765757e-02 1.704535e-04 1.792652e-02
29 1.372145e-02 6.512183e-02 1.704294e-04 1.750648e-02
30 1.342848e-02 6.274178e-02 1.704063e-04 1.710402e-02
31 1.314668e-02 6.050603e-02 1.703840e-04 1.671793e-02
32 1.287531e-02 5.839213e-02 1.703626e-04 1.634711e-02
33 1.261375e-02 5.638947e-02 1.703421e-04 1.599063e-02
34 1.236142e-02 5.449038e-02 1.703222e-04 1.564761e-02
35 1.211777e-02 5.268600e-02 1.703031e-04 1.531723e-02
36 1.188231e-02 5.096394e-02 1.702847e-04 1.499876e-02
37 1.165460e-02 4.933027e-02 1.702669e-04 1.469155e-02
38 1.143428e-02 4.776507e-02 1.702497e-04 1.439502e-02
39 1.122093e-02 4.627409e-02 1.702331e-04 1.410855e-02
40 1.101421e-02 4.484868e-02 1.702170e-04 1.383163e-02
41 1.081378e-02 4.347986e-02 1.702015e-04 1.356373e-02
42 1.061936e-02 4.217645e-02 1.701864e-04 1.330445e-02
43 1.043069e-02 4.092447e-02 1.701719e-04 1.305334e-02
44 1.024747e-02 3.972154e-02 1.701577e-04 1.280999e-02
45 1.006949e-02 3.857379e-02 1.701441e-04 1.257401e-02
46 9.896449e-03 3.746838e-02 1.701308e-04 1.234494e-02
47 9.727919e-03 3.640992e-02 1.701179e-04 1.212201e-02
48 9.562787e-03 3.539836e-02 1.701052e-04 1.190323e-02
49 9.402820e-03 3.442630e-02 1.700928e-04 1.169108e-02
50 9.253346e-03 3.348710e-02 1.700809e-04 1.149400e-02
51 9.105647e-03 3.257779e-02 1.700694e-04 1.129999e-02
52 8.959524e-03 3.170779e-02 1.700582e-04 1.110862e-02
53 8.816181e-03 3.101964e-02 1.700474e-04 1.092123e-02
54 8.676040e-03 3.045477e-02 1.700368e-04 1.073830e-02
55 8.539163e-03 2.990057e-02 1.700266e-04 1.055991e-02
56 8.405544e-03 2.935696e-02 1.700166e-04 1.038602e-02
57 8.275144e-03 2.882376e-02 1.700069e-04 1.021655e-02
58 8.147863e-03 2.830083e-02 1.699974e-04 1.005136e-02
59 8.023623e-03 2.778796e-02 1.699882e-04 9.890296e-03
60 7.902326e-03 2.728497e-02 1.699793e-04 9.733231e-03
61 7.783880e-03 2.679171e-02 1.699705e-04 9.580027e-03
62 7.668189e-03 2.630802e-02 1.699620e-04 9.430541e-03
63 7.555159e-03 2.583370e-02 1.699537e-04 9.284641e-03
64 7.444713e-03 2.540912e-02 1.699456e-04 9.142210e-03
65 7.336791e-03 2.515553e-02 1.699377e-04 9.003148e-03
66 7.231283e-03 2.490617e-02 1.699299e-04 8.867313e-03
67 7.128111e-03 2.466073e-02 1.699224e-04 8.734590e-03
68 7.027216e-03 2.441899e-02 1.699151e-04 8.604891e-03
69 6.928533e-03 2.418063e-02 1.699079e-04 8.478116e-03
70 6.832000e-03 2.394543e-02 1.699009e-04 8.354176e-03
71 6.737556e-03 2.371309e-02 1.698940e-04 8.232985e-03
72 6.645141e-03 2.348331e-02 1.698873e-04 8.114449e-03
73 6.554704e-03 2.325585e-02 1.698808e-04 7.998485e-03
74 6.466199e-03 2.303061e-02 1.698744e-04 7.885029e-03
75 6.379565e-03 2.280705e-02 1.698682e-04 7.773982e-03
76 6.294756e-03 2.258512e-02 1.698621e-04 7.665280e-03
77 6.211701e-03 2.236458e-02 1.698561e-04 7.558844e-03
78 6.130346e-03 2.214526e-02 1.698503e-04 7.454609e-03
79 6.050664e-03 2.192711e-02 1.698446e-04 7.352535e-03
80 5.972608e-03 2.170999e-02 1.698390e-04 7.252560e-03
81 5.896130e-03 2.149376e-02 1.698335e-04 7.154624e-03
82 5.821189e-03 2.127819e-02 1.698282e-04 7.058665e-03
83 5.747763e-03 2.106348e-02 1.698229e-04 6.964651e-03
84 5.675809e-03 2.084968e-02 1.698178e-04 6.872537e-03
85 5.605276e-03 2.063652e-02 1.698128e-04 6.782257e-03
86 5.536145e-03 2.042407e-02 1.698079e-04 6.693775e-03
87 5.468353e-03 2.021212e-02 1.698031e-04 6.607011e-03
88 5.401892e-03 2.000097e-02 1.697983e-04 6.521958e-03
89 5.336737e-03 1.979064e-02 1.697937e-04 6.438579e-03
90 5.272866e-03 1.958118e-02 1.697891e-04 6.356844e-03
91 5.210256e-03 1.937265e-02 1.697846e-04 6.276718e-03
92 5.148892e-03 1.916518e-02 1.697802e-04 6.198177e-03
93 5.088762e-03 1.895879e-02 1.697759e-04 6.121200e-03
94 5.029827e-03 1.875354e-02 1.697717e-04 6.045737e-03
95 4.971989e-03 1.854920e-02 1.697675e-04 5.971689e-03
96 4.915321e-03 1.834620e-02 1.697634e-04 5.899113e-03
97 4.859801e-03 1.814456e-02 1.697593e-04 5.827980e-03
98 4.805487e-03 1.794451e-02 1.697553e-04 5.758318e-03
99 4.752281e-03 1.774464e-02 1.697513e-04 5.689967e-03
100 4.700186e-03 1.754741e-02 1.697474e-04 5.623034e-03
101 4.649157e-03 1.735167e-02 1.697435e-04 5.557435e-03
102 4.599114e-03 1.715747e-02 1.697397e-04 5.493085e-03
103 4.550073e-03 1.696480e-02 1.697359e-04 5.429990e-03
104 4.502008e-03 1.677378e-02 1.697322e-04 5.368121e-03
105 4.454861e-03 1.658428e-02 1.697284e-04 5.307417e-03
106 4.408614e-03 1.639657e-02 1.697247e-04 5.247886e-03
107 4.363266e-03 1.621053e-02 1.697211e-04 5.189496e-03
108 4.318768e-03 1.602634e-02 1.697174e-04 5.132224e-03
109 4.275092e-03 1.584409e-02 1.697138e-04 5.076041e-03
110 4.232251e-03 1.566401e-02 1.697102e-04 5.020946e-03
111 4.190190e-03 1.548571e-02 1.697066e-04 4.966873e-03
112 4.148909e-03 1.530940e-02 1.697030e-04 4.913826e-03
113 4.108298e-03 1.513515e-02 1.696995e-04 4.861648e-03
114 4.068207e-03 1.496290e-02 1.696960e-04 4.810199e-03
115 4.028679e-03 1.479199e-02 1.696925e-04 4.759596e-03
116 3.989646e-03 1.462263e-02 1.696890e-04 4.709745e-03
117 3.951057e-03 1.445515e-02 1.696855e-04 4.660619e-03
118 3.912919e-03 1.428925e-02 1.696821e-04 4.612169e-03
119 3.875012e-03 1.412418e-02 1.696788e-04 4.564118e-03
120 3.836726e-03 1.395814e-02 1.696755e-04 4.515717e-03
121 3.797778e-03 1.378961e-02 1.696724e-04 4.466445e-03
122 3.761038e-03 1.362925e-02 1.696694e-04 4.419832e-03
123 3.724942e-03 1.347378e-02 1.696664e-04 4.374382e-03
124 3.688778e-03 1.331973e-02 1.696636e-04 4.329180e-03
125 3.652779e-03 1.316815e-02 1.696609e-04 4.284502e-03
126 3.616944e-03 1.301883e-02 1.696582e-04 4.240333e-03
127 3.581296e-03 1.287176e-02 1.696556e-04 4.196688e-03
128 3.545936e-03 1.272674e-02 1.696531e-04 4.153624e-03
129 3.510823e-03 1.258337e-02 1.696507e-04 4.111101e-03
130 3.476005e-03 1.244203e-02 1.696483e-04 4.069150e-03
131 3.441420e-03 1.230253e-02 1.696459e-04 4.027698e-03
132 3.407103e-03 1.216475e-02 1.696437e-04 3.986775e-03
133 3.373068e-03 1.202830e-02 1.696414e-04 3.946369e-03
134 3.339349e-03 1.189338e-02 1.696393e-04 3.906493e-03
135 3.305971e-03 1.175996e-02 1.696371e-04 3.867154e-03
136 3.272952e-03 1.162804e-02 1.696351e-04 3.828358e-03
137 3.240293e-03 1.149755e-02 1.696330e-04 3.790096e-03
138 3.208010e-03 1.136851e-02 1.696311e-04 3.752373e-03
139 3.176102e-03 1.124089e-02 1.696291e-04 3.715178e-03
140 3.144579e-03 1.111471e-02 1.696272e-04 3.678516e-03
141 3.113450e-03 1.098997e-02 1.696254e-04 3.642386e-03
142 3.082707e-03 1.086665e-02 1.696235e-04 3.606773e-03
143 3.052369e-03 1.074480e-02 1.696218e-04 3.571694e-03
144 3.022418e-03 1.062434e-02 1.696200e-04 3.537128e-03
145 2.992863e-03 1.050529e-02 1.696183e-04 3.503078e-03
146 2.963688e-03 1.038765e-02 1.696166e-04 3.469527e-03
147 2.934892e-03 1.027144e-02 1.696150e-04 3.436472e-03
148 2.906482e-03 1.015663e-02 1.696134e-04 3.403916e-03
149 2.878448e-03 1.004325e-02 1.696118e-04 3.371844e-03
150 2.850781e-03 9.931178e-03 1.696102e-04 3.340244e-03
151 2.823484e-03 9.820490e-03 1.696087e-04 3.309117e-03
152 2.796562e-03 9.711178e-03 1.696072e-04 3.278464e-03
153 2.770048e-03 9.645217e-03 1.696058e-04 3.248323e-03
154 2.743899e-03 9.601347e-03 1.696043e-04 3.218647e-03
155 2.718132e-03 9.558388e-03 1.696029e-04 3.189456e-03
156 2.692713e-03 9.516230e-03 1.696016e-04 3.160717e-03
157 2.667562e-03 9.474717e-03 1.696002e-04 3.132334e-03
158 2.642788e-03 9.433987e-03 1.695989e-04 3.104412e-03
159 2.618376e-03 9.394068e-03 1.695975e-04 3.076944e-03
160 2.594302e-03 9.354916e-03 1.695963e-04 3.049905e-03
161 2.570560e-03 9.316511e-03 1.695950e-04 3.023285e-03
162 2.547144e-03 9.278821e-03 1.695937e-04 2.997077e-03
163 2.524057e-03 9.241857e-03 1.695925e-04 2.971285e-03
164 2.501285e-03 9.205599e-03 1.695913e-04 2.945891e-03
165 2.478807e-03 9.170030e-03 1.695901e-04 2.920877e-03
166 2.456637e-03 9.135133e-03 1.695890e-04 2.896249e-03
167 2.434776e-03 9.100901e-03 1.695878e-04 2.872008e-03
168 2.413220e-03 9.067322e-03 1.695867e-04 2.848148e-03
169 2.391960e-03 9.034379e-03 1.695856e-04 2.824658e-03
170 2.370994e-03 9.002062e-03 1.695845e-04 2.801534e-03
171 2.350319e-03 8.970344e-03 1.695834e-04 2.778772e-03
172 2.329932e-03 8.940196e-03 1.695824e-04 2.756368e-03
173 2.309829e-03 8.910791e-03 1.695813e-04 2.734315e-03
174 2.290003e-03 8.881965e-03 1.695803e-04 2.712607e-03
175 2.270459e-03 8.853707e-03 1.695793e-04 2.691243e-03
176 2.251192e-03 8.825988e-03 1.695783e-04 2.670219e-03
177 2.232193e-03 8.798786e-03 1.695773e-04 2.649523e-03
178 2.213464e-03 8.772121e-03 1.695763e-04 2.629158e-03
179 2.194988e-03 8.745955e-03 1.695753e-04 2.609107e-03
180 2.176770e-03 8.720299e-03 1.695744e-04 2.589372e-03
181 2.158807e-03 8.695141e-03 1.695735e-04 2.569947e-03
182 2.141094e-03 8.670457e-03 1.695725e-04 2.550827e-03
183 2.123624e-03 8.646218e-03 1.695716e-04 2.532003e-03
184 2.106400e-03 8.622434e-03 1.695707e-04 2.513476e-03
185 2.089415e-03 8.599096e-03 1.695699e-04 2.495239e-03
186 2.072664e-03 8.576184e-03 1.695690e-04 2.477287e-03
187 2.056145e-03 8.553684e-03 1.695681e-04 2.459614e-03
188 2.039847e-03 8.531579e-03 1.695673e-04 2.442210e-03
189 2.023756e-03 8.509876e-03 1.695664e-04 2.425066e-03
190 2.007883e-03 8.488562e-03 1.695656e-04 2.408185e-03
191 1.992223e-03 8.467624e-03 1.695648e-04 2.391560e-03
192 1.976776e-03 8.447056e-03 1.695640e-04 2.375191e-03
193 1.961537e-03 8.426831e-03 1.695632e-04 2.359069e-03
194 1.946505e-03 8.406935e-03 1.695624e-04 2.343192e-03
195 1.931677e-03 8.387365e-03 1.695616e-04 2.327557e-03
196 1.917051e-03 8.368084e-03 1.695608e-04 2.312158e-03
197 1.902622e-03 8.349103e-03 1.695600e-04 2.296990e-03
198 1.888388e-03 8.330406e-03 1.695593e-04 2.282049e-03
199 1.874349e-03 8.312621e-03 1.695585e-04 2.267326e-03
200 1.860516e-03 8.295463e-03 1.695578e-04 2.252823e-03
201 1.846868e-03 8.278530e-03 1.695570e-04 2.238527e-03
202 1.833407e-03 8.261781e-03 1.695563e-04 2.224433e-03
203 1.820147e-03 8.245170e-03 1.695556e-04 2.210543e-03
204 1.807188e-03 8.228366e-03 1.695549e-04 2.196884e-03
205 1.794765e-03 8.210973e-03 1.695541e-04 2.183602e-03
206 1.783911e-03 8.191786e-03 1.695534e-04 2.171463e-03
207 1.780595e-03 8.169006e-03 1.695525e-04 2.166098e-03
208 1.769984e-03 8.163460e-03 1.695515e-04 2.157075e-03
209 1.747164e-03 8.156340e-03 1.695508e-04 2.134481e-03
210 1.731766e-03 8.145873e-03 1.695500e-04 2.118931e-03
211 1.719248e-03 8.133608e-03 1.695493e-04 2.106133e-03
212 1.707913e-03 8.120172e-03 1.695486e-04 2.094426e-03
213 1.697131e-03 8.106036e-03 1.695480e-04 2.083222e-03
214 1.686625e-03 8.091527e-03 1.695473e-04 2.072282e-03
215 1.676267e-03 8.076837e-03 1.695467e-04 2.061497e-03
216 1.665998e-03 8.062108e-03 1.695460e-04 2.050826e-03
217 1.655789e-03 8.047402e-03 1.695454e-04 2.040243e-03
218 1.645631e-03 8.032752e-03 1.695447e-04 2.029741e-03
219 1.635529e-03 8.018195e-03 1.695441e-04 2.019326e-03
220 1.625478e-03 8.003642e-03 1.695435e-04 2.008983e-03
221 1.615488e-03 7.989171e-03 1.695429e-04 1.998724e-03
222 1.605565e-03 7.974810e-03 1.695423e-04 1.988550e-03
223 1.595711e-03 7.960518e-03 1.695417e-04 1.978460e-03
224 1.585931e-03 7.946264e-03 1.695411e-04 1.968453e-03
225 1.576229e-03 7.932035e-03 1.695405e-04 1.958533e-03
226 1.566607e-03 7.917808e-03 1.695399e-04 1.948697e-03
227 1.557070e-03 7.904526e-03 1.695393e-04 1.938949e-03
228 1.547617e-03 7.891332e-03 1.695387e-04 1.929287e-03
229 1.538252e-03 7.878110e-03 1.695382e-04 1.919712e-03
230 1.528976e-03 7.864840e-03 1.695376e-04 1.910223e-03
231 1.519788e-03 7.851514e-03 1.695370e-04 1.900817e-03
232 1.510687e-03 7.838129e-03 1.695365e-04 1.891494e-03
233 1.501672e-03 7.824638e-03 1.695359e-04 1.882247e-03
234 1.492744e-03 7.811020e-03 1.695354e-04 1.873076e-03
235 1.483902e-03 7.797316e-03 1.695348e-04 1.863983e-03
236 1.475146e-03 7.783522e-03 1.695343e-04 1.854966e-03
237 1.466475e-03 7.769637e-03 1.695338e-04 1.846025e-03
238 1.457890e-03 7.755647e-03 1.695332e-04 1.837159e-03
239 1.449389e-03 7.741535e-03 1.695327e-04 1.828365e-03
240 1.440972e-03 7.727308e-03 1.695322e-04 1.819643e-03
241 1.432640e-03 7.712950e-03 1.695317e-04 1.810992e-03
242 1.424388e-03 7.698454e-03 1.695312e-04 1.802407e-03
243 1.416214e-03 7.683776e-03 1.695307e-04 1.793885e-03
244 1.408112e-03 7.668933e-03 1.695302e-04 1.785421e-03
245 1.400078e-03 7.653981e-03 1.695297e-04 1.777016e-03
246 1.392122e-03 7.638900e-03 1.695292e-04 1.768675e-03
247 1.384241e-03 7.623654e-03 1.695287e-04 1.760394e-03
248 1.376436e-03 7.608249e-03 1.695282e-04 1.752173e-03
249 1.368706e-03 7.592694e-03 1.695277e-04 1.744011e-03
250 1.361051e-03 7.576980e-03 1.695272e-04 1.735907e-03
251 1.353469e-03 7.561103e-03 1.695267e-04 1.727860e-03
252 1.345959e-03 7.545055e-03 1.695263e-04 1.719867e-03
253 1.338520e-03 7.528834e-03 1.695258e-04 1.711929e-03
254 1.331150e-03 7.512427e-03 1.695253e-04 1.704040e-03
255 1.323849e-03 7.495837e-03 1.695249e-04 1.696202e-03
256 1.316616e-03 7.479069e-03 1.695244e-04 1.688416e-03
257 1.309451e-03 7.462270e-03 1.695240e-04 1.680681e-03
258 1.302354e-03 7.445846e-03 1.695235e-04 1.672995e-03
259 1.295321e-03 7.429230e-03 1.695231e-04 1.665358e-03
260 1.288353e-03 7.412420e-03 1.695226e-04 1.657767e-03
261 1.281449e-03 7.395415e-03 1.695222e-04 1.650224e-03
262 1.274607e-03 7.378214e-03 1.695218e-04 1.642725e-03
263 1.267826e-03 7.360821e-03 1.695213e-04 1.635271e-03
264 1.261109e-03 7.343237e-03 1.695209e-04 1.627863e-03
265 1.254451e-03 7.325457e-03 1.695205e-04 1.620498e-03
266 1.247853e-03 7.307486e-03 1.695200e-04 1.613178e-03
267 1.241321e-03 7.289300e-03 1.695196e-04 1.605905e-03
268 1.234837e-03 7.270917e-03 1.695192e-04 1.598667e-03
269 1.228410e-03 7.252351e-03 1.695188e-04 1.591471e-03
270 1.222039e-03 7.233593e-03 1.695184e-04 1.584314e-03
271 1.215722e-03 7.214645e-03 1.695180e-04 1.577196e-03
272 1.209458e-03 7.195488e-03 1.695176e-04 1.570113e-03
273 1.203247e-03 7.176137e-03 1.695172e-04 1.563067e-03
274 1.197087e-03 7.156579e-03 1.695168e-04 1.556056e-03
275 1.190978e-03 7.136850e-03 1.695164e-04 1.549083e-03
276 1.184919e-03 7.116927e-03 1.695160e-04 1.542144e-03
277 1.178910e-03 7.096822e-03 1.695156e-04 1.535241e-03
278 1.172949e-03 7.076528e-03 1.695152e-04 1.528371e-03
279 1.167035e-03 7.056049e-03 1.695149e-04 1.521534e-03
280 1.161170e-03 7.035390e-03 1.695145e-04 1.514731e-03
281 1.155350e-03 7.014547e-03 1.695141e-04 1.507960e-03
282 1.149577e-03 6.993521e-03 1.695137e-04 1.501222e-03
283 1.143847e-03 6.972295e-03 1.695134e-04 1.494513e-03
284 1.138162e-03 6.950896e-03 1.695130e-04 1.487835e-03
285 1.132519e-03 6.929310e-03 1.695126e-04 1.481186e-03
286 1.126919e-03 6.907553e-03 1.695123e-04 1.474565e-03
287 1.121360e-03 6.885620e-03 1.695119e-04 1.467974e-03
288 1.115841e-03 6.863524e-03 1.695116e-04 1.461411e-03
289 1.110363e-03 6.841272e-03 1.695112e-04 1.454876e-03
290 1.104925e-03 6.818867e-03 1.695109e-04 1.448370e-03
291 1.099523e-03 6.796293e-03 1.695105e-04 1.441887e-03
292 1.094161e-03 6.773561e-03 1.695102e-04 1.435432e-03
293 1.088837e-03 6.750681e-03 1.695098e-04 1.429005e-03
294 1.083551e-03 6.727656e-03 1.695095e-04 1.422604e-03
295 1.078301e-03 6.704485e-03 1.695092e-04 1.416229e-03
296 1.073088e-03 6.681163e-03 1.695088e-04 1.409879e-03
297 1.067912e-03 6.657695e-03 1.695085e-04 1.403557e-03
298 1.062768e-03 6.634071e-03 1.695082e-04 1.397255e-03
299 1.057658e-03 6.610312e-03 1.695079e-04 1.390978e-03
300 1.052583e-03 6.586425e-03 1.695075e-04 1.384724e-03
301 1.047540e-03 6.562408e-03 1.695072e-04 1.378495e-03
302 1.042529e-03 6.538265e-03 1.695069e-04 1.372288e-03
303 1.037550e-03 6.513998e-03 1.695066e-04 1.366105e-03
304 1.032602e-03 6.489847e-03 1.695063e-04 1.359943e-03
305 1.027684e-03 6.465665e-03 1.695060e-04 1.353804e-03
306 1.022797e-03 6.441363e-03 1.695057e-04 1.347687e-03
307 1.017940e-03 6.416941e-03 1.695054e-04 1.341593e-03
308 1.013112e-03 6.392400e-03 1.695051e-04 1.335520e-03
309 1.008313e-03 6.367745e-03 1.695048e-04 1.329468e-03
310 1.003542e-03 6.342973e-03 1.695045e-04 1.323437e-03
311 9.987988e-04 6.318091e-03 1.695042e-04 1.317428e-03
312 9.940836e-04 6.293105e-03 1.695039e-04 1.311439e-03
313 9.893956e-04 6.268012e-03 1.695036e-04 1.305472e-03
314 9.847350e-04 6.242827e-03 1.695033e-04 1.299526e-03
315 9.801011e-04 6.217542e-03 1.695030e-04 1.293601e-03
316 9.754932e-04 6.192165e-03 1.695027e-04 1.287696e-03
317 9.709116e-04 6.166708e-03 1.695025e-04 1.281812e-03
318 9.663560e-04 6.141172e-03 1.695022e-04 1.275951e-03
319 9.618262e-04 6.115564e-03 1.695019e-04 1.270110e-03
320 9.573230e-04 6.089892e-03 1.695016e-04 1.264294e-03
321 9.528431e-04 6.064155e-03 1.695014e-04 1.258498e-03
322 9.483881e-04 6.038343e-03 1.695011e-04 1.252722e-03
323 9.439583e-04 6.012475e-03 1.695008e-04 1.246969e-03
324 9.395534e-04 5.986553e-03 1.695006e-04 1.241238e-03
325 9.351734e-04 5.960573e-03 1.695003e-04 1.235528e-03
326 9.308135e-04 5.934539e-03 1.695000e-04 1.229835e-03
327 9.264811e-04 5.908459e-03 1.694998e-04 1.224171e-03
328 9.221731e-04 5.882351e-03 1.694995e-04 1.218529e-03
329 9.178887e-04 5.856216e-03 1.694993e-04 1.212910e-03
330 9.136279e-04 5.830065e-03 1.694990e-04 1.207314e-03
331 9.093896e-04 5.803897e-03 1.694988e-04 1.201741e-03
332 9.051751e-04 5.777717e-03 1.694985e-04 1.196193e-03
333 9.009839e-04 5.751513e-03 1.694983e-04 1.190669e-03
334 8.968166e-04 5.725295e-03 1.694980e-04 1.185171e-03
335 8.926729e-04 5.699035e-03 1.694978e-04 1.179698e-03
336 8.885568e-04 5.672731e-03 1.694975e-04 1.174257e-03
337 8.844849e-04 5.646343e-03 1.694973e-04 1.168873e-03
338 8.805121e-04 5.619723e-03 1.694971e-04 1.163627e-03
339 8.769996e-04 5.592265e-03 1.694968e-04 1.159045e-03
340 8.811682e-04 5.559483e-03 1.694963e-04 1.166322e-03
341 9.222988e-04 7.761376e-03 1.694950e-04 1.248932e-03
342 8.853994e-04 5.507720e-03 1.694945e-04 1.173761e-03
343 8.749781e-04 5.487587e-03 1.694941e-04 1.157471e-03
344 8.748464e-04 5.463437e-03 1.694937e-04 1.158996e-03
345 8.565848e-04 5.443353e-03 1.694935e-04 1.128749e-03
346 8.542960e-04 5.418831e-03 1.694932e-04 1.126939e-03
347 8.499147e-04 5.393509e-03 1.694930e-04 1.121199e-03
348 8.455521e-04 5.368012e-03 1.694927e-04 1.115420e-03
349 8.413373e-04 5.342448e-03 1.694925e-04 1.109861e-03
350 8.372493e-04 5.316870e-03 1.694923e-04 1.104495e-03
351 8.332614e-04 5.291325e-03 1.694921e-04 1.099282e-03
352 8.293517e-04 5.265827e-03 1.694918e-04 1.094184e-03
353 8.255054e-04 5.240406e-03 1.694916e-04 1.089179e-03
354 8.217127e-04 5.215078e-03 1.694914e-04 1.084250e-03
355 8.179649e-04 5.189845e-03 1.694912e-04 1.079382e-03
356 8.142559e-04 5.164712e-03 1.694910e-04 1.074567e-03
357 8.105805e-04 5.139679e-03 1.694908e-04 1.069796e-03
358 8.069362e-04 5.114735e-03 1.694906e-04 1.065064e-03
359 8.033214e-04 5.089884e-03 1.694904e-04 1.060368e-03
360 7.997334e-04 5.065155e-03 1.694902e-04 1.055706e-03
361 7.961708e-04 5.040545e-03 1.694900e-04 1.051075e-03
362 7.926326e-04 5.016047e-03 1.694898e-04 1.046474e-03
363 7.891180e-04 4.991664e-03 1.694896e-04 1.041901e-03
364 7.856262e-04 4.967402e-03 1.694894e-04 1.037357e-03
365 7.821573e-04 4.943266e-03 1.694892e-04 1.032840e-03
366 7.787109e-04 4.919252e-03 1.694890e-04 1.028351e-03
367 7.752871e-04 4.895363e-03 1.694888e-04 1.023890e-03
368 7.718859e-04 4.871601e-03 1.694886e-04 1.019456e-03
369 7.685083e-04 4.847970e-03 1.694884e-04 1.015052e-03
370 7.651529e-04 4.824469e-03 1.694882e-04 1.010675e-03
371 7.618200e-04 4.801102e-03 1.694880e-04 1.006326e-03
372 7.585097e-04 4.777871e-03 1.694878e-04 1.002007e-03
373 7.552225e-04 4.754775e-03 1.694877e-04 9.977162e-04
374 7.519582e-04 4.731814e-03 1.694875e-04 9.934553e-04
375 7.487170e-04 4.708992e-03 1.694873e-04 9.892241e-04
1 7.466567e-02 6.632730e-01 1.656036e-04 9.641782e-02
2 4.668260e-02 3.410488e-01 1.654287e-04 6.477365e-02
3 4.130940e-02 3.175087e-01 1.652849e-04 5.787363e-02
4 3.769481e-02 2.596400e-01 1.651607e-04 5.213650e-02
5 3.501728e-02 2.336400e-01 1.650510e-04 4.797546e-02
6 3.282803e-02 2.126402e-01 1.649526e-04 4.455571e-02
7 3.097697e-02 1.949563e-01 1.648633e-04 4.167161e-02
8 2.930734e-02 1.798154e-01 1.647829e-04 3.913367e-02
9 2.782653e-02 1.663776e-01 1.647098e-04 3.689736e-02
10 2.648941e-02 1.545678e-01 1.646431e-04 3.489761e-02
11 2.526390e-02 1.439172e-01 1.645820e-04 3.308624e-02
12 2.413137e-02 1.342632e-01 1.645259e-04 3.143176e-02
13 2.307811e-02 1.255977e-01 1.644744e-04 2.991003e-02
14 2.209347e-02 1.176884e-01 1.644269e-04 2.850251e-02
15 2.116885e-02 1.104300e-01 1.643830e-04 2.719442e-02
16 2.029743e-02 1.037502e-01 1.643425e-04 2.597380e-02
17 1.947349e-02 9.766927e-02 1.643050e-04 2.483035e-02
18 1.869259e-02 9.204129e-02 1.642702e-04 2.375604e-02
19 1.795105e-02 8.681842e-02 1.642380e-04 2.274421e-02
20 1.724568e-02 8.196203e-02 1.642080e-04 2.178901e-02
21 1.657380e-02 7.747336e-02 1.641802e-04 2.088559e-02
22 1.593301e-02 7.331611e-02 1.641543e-04 2.002962e-02
23 1.532135e-02 6.942959e-02 1.641302e-04 1.921747e-02
24 1.473705e-02 6.579210e-02 1.641077e-04 1.844593e-02
25 1.417847e-02 6.238436e-02 1.640868e-04 1.771212e-02
26 1.364414e-02 5.922039e-02 1.640672e-04 1.701351e-02
27 1.313278e-02 5.625999e-02 1.640490e-04 1.634785e-02
28 1.264321e-02 5.347514e-02 1.640319e-04 1.571315e-02
29 1.217433e-02 5.085384e-02 1.640159e-04 1.510758e-02
30 1.172514e-02 4.838462e-02 1.640010e-04 1.452947e-02
31 1.129468e-02 4.607840e-02 1.639870e-04 1.397731e-02
32 1.088210e-02 4.391176e-02 1.639738e-04 1.344972e-02
33 1.048662e-02 4.186539e-02 1.639615e-04 1.294549e-02
34 1.010748e-02 3.993159e-02 1.639500e-04 1.246344e-02
35 9.743953e-03 3.810328e-02 1.639391e-04 1.200245e-02
36 9.395363e-03 3.638972e-02 1.639289e-04 1.156155e-02
37 9.061054e-03 3.477599e-02 1.639193e-04 1.113973e-02
38 8.740405e-03 3.324684e-02 1.639102e-04 1.073609e-02
39 8.432835e-03 3.179732e-02 1.639017e-04 1.034978e-02
40 8.137764e-03 3.042269e-02 1.638937e-04 9.979973e-03
41 7.854658e-03 2.913638e-02 1.638861e-04 9.625909e-03
42 7.583019e-03 2.791693e-02 1.638789e-04 9.286882e-03
43 7.322345e-03 2.675834e-02 1.638721e-04 8.962195e-03
44 7.072187e-03 2.565728e-02 1.638657e-04 8.651221e-03
45 6.832068e-03 2.462179e-02 1.638597e-04 8.353298e-03
46 6.601556e-03 2.364194e-02 1.638540e-04 8.067828e-03
47 6.380238e-03 2.270901e-02 1.638485e-04 7.794248e-03
48 6.167703e-03 2.182138e-02 1.638434e-04 7.532017e-03
49 5.963621e-03 2.098986e-02 1.638385e-04 7.280643e-03
50 5.767607e-03 2.019688e-02 1.638339e-04 7.039617e-03
51 5.579312e-03 1.944185e-02 1.638295e-04 6.808471e-03
52 5.398457e-03 1.873387e-02 1.638253e-04 6.586796e-03
53 5.224680e-03 1.805765e-02 1.638213e-04 6.374141e-03
54 5.057663e-03 1.742087e-02 1.638175e-04 6.170083e-03
55 4.897128e-03 1.681590e-02 1.638139e-04 5.974243e-03
56 4.742820e-03 1.624634e-02 1.638104e-04 5.786275e-03
57 4.594494e-03 1.570506e-02 1.638072e-04 5.605837e-03
58 4.452002e-03 1.519752e-02 1.638040e-04 5.432666e-03
59 4.315017e-03 1.471698e-02 1.638010e-04 5.266383e-03
60 4.183481e-03 1.426174e-02 1.637981e-04 5.106794e-03
61 4.057913e-03 1.382769e-02 1.637954e-04 4.954153e-03
62 3.946701e-03 1.339765e-02 1.637921e-04 4.816473e-03
63 3.862740e-03 1.327057e-02 1.637875e-04 4.737555e-03
64 3.738089e-03 1.284629e-02 1.637844e-04 4.571207e-03
65 3.616790e-03 1.251473e-02 1.637817e-04 4.425414e-03
66 3.501565e-03 1.218438e-02 1.637793e-04 4.286915e-03
67 3.394536e-03 1.186917e-02 1.637770e-04 4.158464e-03
68 3.294702e-03 1.157266e-02 1.637748e-04 4.038825e-03
69 3.200133e-03 1.128967e-02 1.637727e-04 3.925921e-03
70 3.110452e-03 1.102226e-02 1.637707e-04 3.819038e-03
71 3.024649e-03 1.076552e-02 1.637688e-04 3.717006e-03
72 2.942168e-03 1.051872e-02 1.637669e-04 3.619123e-03
73 2.863051e-03 1.028347e-02 1.637651e-04 3.525332e-03
74 2.786605e-03 1.005671e-02 1.637634e-04 3.434781e-03
75 2.712786e-03 9.837468e-03 1.637618e-04 3.347382e-03
76 2.641508e-03 9.625230e-03 1.637601e-04 3.262989e-03
77 2.572889e-03 9.419595e-03 1.637586e-04 3.181685e-03
78 2.506960e-03 9.220256e-03 1.637571e-04 3.103488e-03
79 2.443471e-03 9.026994e-03 1.637556e-04 3.028127e-03
80 2.382251e-03 8.839607e-03 1.637543e-04 2.955415e-03
81 2.323180e-03 8.658320e-03 1.637529e-04 2.885218e-03
82 2.266163e-03 8.482998e-03 1.637516e-04 2.817423e-03
83 2.211111e-03 8.312909e-03 1.637503e-04 2.751925e-03
84 2.157945e-03 8.147885e-03 1.637491e-04 2.688632e-03
85 2.106572e-03 7.987741e-03 1.637479e-04 2.627431e-03
86 2.056921e-03 7.832309e-03 1.637467e-04 2.568238e-03
87 2.008958e-03 7.681452e-03 1.637456e-04 2.511014e-03
88 1.962601e-03 7.535005e-03 1.637445e-04 2.455663e-03
89 1.917788e-03 7.392819e-03 1.637435e-04 2.402114e-03
90 1.874459e-03 7.254746e-03 1.637424e-04 2.350295e-03
91 1.832550e-03 7.120668e-03 1.637414e-04 2.300136e-03
92 1.792009e-03 6.990423e-03 1.637405e-04 2.251578e-03
93 1.752784e-03 6.863872e-03 1.637395e-04 2.204559e-03
94 1.714819e-03 6.740893e-03 1.637386e-04 2.159019e-03
95 1.678057e-03 6.621372e-03 1.637377e-04 2.114894e-03
96 1.642450e-03 6.505062e-03 1.637368e-04 2.072119e-03
97 1.607969e-03 6.392021e-03 1.637360e-04 2.030673e-03
98 1.574567e-03 6.282116e-03 1.637352e-04 1.990500e-03
99 1.542205e-03 6.175207e-03 1.637344e-04 1.951551e-03
100 1.510839e-03 6.071206e-03 1.637336e-04 1.913777e-03
101 1.480436e-03 5.970009e-03 1.637328e-04 1.877138e-03
102 1.450950e-03 5.871507e-03 1.637320e-04 1.841581e-03
103 1.422364e-03 5.775619e-03 1.637313e-04 1.807086e-03
104 1.394645e-03 5.682259e-03 1.637306e-04 1.773611e-03
105 1.367746e-03 5.591348e-03 1.637299e-04 1.741104e-03
106 1.341642e-03 5.502803e-03 1.637292e-04 1.709533e-03
107 1.316310e-03 5.416488e-03 1.637286e-04 1.678868e-03
108 1.291715e-03 5.332357e-03 1.637279e-04 1.649070e-03
109 1.267830e-03 5.250346e-03 1.637273e-04 1.620109e-03
110 1.244631e-03 5.170317e-03 1.637266e-04 1.591946e-03
111 1.222101e-03 5.092378e-03 1.637260e-04 1.564574e-03
112 1.200216e-03 5.016340e-03 1.637254e-04 1.537961e-03
113 1.178945e-03 4.942096e-03 1.637248e-04 1.512066e-03
114 1.158265e-03 4.869609e-03 1.637243e-04 1.486866e-03
115 1.138226e-03 4.799328e-03 1.637237e-04 1.462417e-03
116 1.118715e-03 4.730594e-03 1.637232e-04 1.438601e-03
117 1.099753e-03 4.663579e-03 1.637226e-04 1.415432e-03
118 1.081281e-03 4.597951e-03 1.637221e-04 1.392843e-03
119 1.063272e-03 4.533591e-03 1.637216e-04 1.370794e-03
120 1.045726e-03 4.470627e-03 1.637211e-04 1.349281e-03
121 1.028635e-03 4.409173e-03 1.637206e-04 1.328304e-03
122 1.011976e-03 4.349084e-03 1.637201e-04 1.307820e-03
123 9.957681e-04 4.290472e-03 1.637196e-04 1.287847e-03
124 9.799881e-04 4.233066e-03 1.637191e-04 1.268349e-03
125 9.646266e-04 4.176815e-03 1.637187e-04 1.249308e-03
126 9.496722e-04 4.121683e-03 1.637182e-04 1.230707e-03
127 9.351244e-04 4.067580e-03 1.637178e-04 1.212538e-03
128 9.209632e-04 4.014567e-03 1.637173e-04 1.194776e-03
129 9.072007e-04 3.962605e-03 1.637169e-04 1.177422e-03
130 8.938549e-04 3.911897e-03 1.637164e-04 1.160452e-03
131 8.810942e-04 3.862833e-03 1.637160e-04 1.143969e-03
132 8.689714e-04 3.815115e-03 1.637155e-04 1.128115e-03
133 8.575250e-04 3.768812e-03 1.637150e-04 1.112905e-03
134 8.458064e-04 3.721704e-03 1.637145e-04 1.097572e-03
135 8.333857e-04 3.672465e-03 1.637140e-04 1.081670e-03
136 8.210218e-04 3.622886e-03 1.637136e-04 1.065988e-03
137 8.090956e-04 3.573883e-03 1.637131e-04 1.050928e-03
138 7.976634e-04 3.526675e-03 1.637127e-04 1.036571e-03
139 7.866376e-04 3.480478e-03 1.637122e-04 1.022692e-03
140 7.759860e-04 3.435506e-03 1.637118e-04 1.009217e-03
141 7.656898e-04 3.391465e-03 1.637114e-04 9.960996e-04
142 7.557278e-04 3.348159e-03 1.637110e-04 9.832898e-04
143 7.460903e-04 3.305541e-03 1.637106e-04 9.707732e-04
1 6.280060e-02 3.921336e-01 1.636511e-04 8.597891e-02
2 4.153460e-02 2.435710e-01 1.635592e-04 5.935796e-02
3 3.517031e-02 2.039930e-01 1.634840e-04 5.040620e-02
4 3.127608e-02 1.755268e-01 1.634193e-04 4.445949e-02
5 2.845852e-02 1.544141e-01 1.633626e-04 4.015932e-02
6 2.622380e-02 1.376307e-01 1.633121e-04 3.677015e-02
7 2.436086e-02 1.238355e-01 1.632668e-04 3.397917e-02
8 2.275611e-02 1.121897e-01 1.632259e-04 3.160562e-02
9 2.134283e-02 1.022378e-01 1.631888e-04 2.954097e-02
10 2.007891e-02 9.367100e-02 1.631550e-04 2.771565e-02
11 1.893540e-02 8.616464e-02 1.631241e-04 2.608072e-02
12 1.789183e-02 7.953370e-02 1.630958e-04 2.460167e-02
13 1.693294e-02 7.363483e-02 1.630697e-04 2.325294e-02
14 1.604681e-02 6.835408e-02 1.630456e-04 2.201490e-02
15 1.522349e-02 6.360089e-02 1.630234e-04 2.087191e-02
16 1.445138e-02 5.932276e-02 1.630026e-04 1.980940e-02
17 1.371343e-02 5.545774e-02 1.629830e-04 1.881170e-02
18 1.304819e-02 5.192422e-02 1.629646e-04 1.789683e-02
