1 1.543659e+00 3.518556e+00 1.015454e-03 1.649344e+00
2 6.668021e-01 1.566394e+00 5.927912e-04 7.222325e-01
3 7.518786e-01 1.758095e+00 4.836229e-04 8.444397e-01
4 6.178842e-01 1.281143e+00 4.362833e-04 6.798429e-01
5 4.143540e-01 8.135462e-01 4.145087e-04 4.501277e-01
6 2.757165e-01 5.291576e-01 4.028292e-04 2.985889e-01
7 1.928628e-01 3.576498e-01 3.953410e-04 2.089686e-01
8 1.429793e-01 2.967082e-01 3.898523e-04 1.557434e-01
9 1.119854e-01 2.424603e-01 3.855346e-04 1.230113e-01
10 9.117162e-02 2.097218e-01 3.820839e-04 1.007958e-01
11 7.552595e-02 1.828477e-01 3.793651e-04 8.375900e-02
12 6.282941e-02 1.585547e-01 3.772680e-04 6.979587e-02
13 5.233774e-02 1.364403e-01 3.756771e-04 5.824401e-02
14 4.378023e-02 1.171716e-01 3.744800e-04 4.883169e-02
15 3.689595e-02 1.006878e-01 3.735775e-04 4.126604e-02
16 3.136546e-02 8.786331e-02 3.728905e-04 3.519153e-02
17 2.687811e-02 7.852809e-02 3.723597e-04 3.026249e-02
18 2.318964e-02 7.165474e-02 3.719425e-04 2.620397e-02
19 2.011496e-02 6.488451e-02 3.716088e-04 2.280722e-02
20 1.753090e-02 5.838380e-02 3.713375e-04 1.992954e-02
21 1.532801e-02 5.219700e-02 3.711138e-04 1.744822e-02
22 1.347734e-02 4.644340e-02 3.709266e-04 1.535008e-02
23 1.190307e-02 4.249227e-02 3.708150e-04 1.355944e-02
24 1.090677e-02 4.002464e-02 3.706723e-04 1.243355e-02
25 9.737839e-03 3.660734e-02 3.705491e-04 1.109879e-02
26 8.696105e-03 3.351950e-02 3.704413e-04 9.919798e-03
27 7.822486e-03 3.066427e-02 3.703454e-04 8.934375e-03
28 7.105136e-03 2.794157e-02 3.702584e-04 8.130408e-03
29 6.465511e-03 2.571148e-02 3.701788e-04 7.423946e-03
30 5.868189e-03 2.371744e-02 3.701100e-04 6.776206e-03
31 5.379106e-03 2.236141e-02 3.700433e-04 6.240004e-03
32 5.015939e-03 2.983478e-02 3.699748e-04 5.899662e-03
33 4.850966e-03 2.626205e-02 3.699591e-04 5.708387e-03
34 4.637833e-03 2.445365e-02 3.699098e-04 5.487775e-03
35 4.418347e-03 1.977083e-02 3.698495e-04 5.221358e-03
36 4.234254e-03 2.494597e-02 3.698107e-04 5.063731e-03
37 4.063446e-03 2.326598e-02 3.697526e-04 4.861435e-03
38 3.891176e-03 2.293494e-02 3.697251e-04 4.705805e-03
39 3.801325e-03 2.347609e-02 3.696715e-04 4.570933e-03
40 3.685403e-03 2.675814e-02 3.696553e-04 4.554280e-03
41 3.591613e-03 2.365373e-02 3.696032e-04 4.363033e-03
42 3.505915e-03 2.789205e-02 3.695888e-04 4.376864e-03
43 3.417440e-03 2.319601e-02 3.695386e-04 4.186508e-03
44 3.443450e-03 2.848488e-02 3.695249e-04 4.435961e-03
45 3.334355e-03 2.872918e-02 3.694747e-04 4.204250e-03
46 3.236526e-03 2.375829e-02 3.694619e-04 4.139704e-03
47 3.162271e-03 2.404834e-02 3.694156e-04 3.970576e-03
48 3.062245e-03 2.157443e-02 3.694039e-04 3.887329e-03
49 3.008481e-03 2.143159e-02 3.693625e-04 3.762759e-03
50 2.868262e-03 1.750571e-02 3.693522e-04 3.575760e-03
51 2.826797e-03 1.730825e-02 3.693165e-04 3.484717e-03
52 2.705433e-03 1.556941e-02 3.693068e-04 3.324058e-03
53 2.672306e-03 1.538024e-02 3.692756e-04 3.258519e-03
54 2.572491e-03 1.417046e-02 3.692656e-04 3.133641e-03
55 2.591815e-03 1.589007e-02 3.692295e-04 3.192477e-03
56 3.120180e-03 7.873054e-02 3.691896e-04 4.845589e-03
57 2.926849e-03 5.790297e-02 3.691651e-04 4.348650e-03
58 2.977028e-03 7.007837e-02 3.691283e-04 4.564096e-03
59 2.828674e-03 5.061750e-02 3.690693e-04 4.061109e-03
60 2.856311e-03 5.359590e-02 3.690475e-04 4.216771e-03
61 2.663320e-03 2.859475e-02 3.690332e-04 3.577748e-03
62 2.591512e-03 2.129421e-02 3.690069e-04 3.389294e-03
63 2.522401e-03 1.921903e-02 3.689722e-04 3.245732e-03
64 2.445682e-03 1.708618e-02 3.689450e-04 3.088465e-03
65 2.385230e-03 1.535140e-02 3.689155e-04 2.976066e-03
66 2.326680e-03 1.359570e-02 3.688867e-04 2.878849e-03
67 2.278331e-03 1.345455e-02 3.688583e-04 2.809275e-03
68 2.239876e-03 1.364822e-02 3.688300e-04 2.761496e-03
69 2.210494e-03 1.357813e-02 3.688018e-04 2.730509e-03
70 2.188827e-03 1.326803e-02 3.687736e-04 2.712297e-03
71 2.172211e-03 1.321541e-02 3.687451e-04 2.703073e-03
72 2.161743e-03 1.349346e-02 3.687163e-04 2.703745e-03
73 2.157259e-03 1.363416e-02 3.686867e-04 2.713553e-03
74 2.156700e-03 1.370174e-02 3.686564e-04 2.729859e-03
75 2.161070e-03 1.468476e-02 3.686252e-04 2.754249e-03
76 2.170644e-03 1.585229e-02 3.685930e-04 2.787530e-03
77 2.185298e-03 1.722774e-02 3.685600e-04 2.830228e-03
78 2.204254e-03 1.890845e-02 3.685259e-04 2.884003e-03
79 2.227991e-03 2.097121e-02 3.684906e-04 2.952076e-03
80 2.262010e-03 2.344104e-02 3.684538e-04 3.041086e-03
81 2.297424e-03 2.525714e-02 3.684153e-04 3.140494e-03
82 2.331987e-03 2.563186e-02 3.683754e-04 3.240406e-03
83 2.358761e-03 2.230900e-02 3.683357e-04 3.254135e-03
84 2.393971e-03 2.153596e-02 3.683027e-04 3.299969e-03
85 2.415115e-03 2.058121e-02 3.682621e-04 3.320488e-03
86 2.746680e-03 3.337441e-02 3.682077e-04 3.852106e-03
87 2.986330e-03 6.937405e-02 3.681348e-04 4.638282e-03
88 3.163265e-03 5.561995e-02 3.680587e-04 4.848986e-03
89 3.450577e-03 5.006576e-02 3.679767e-04 5.201327e-03
90 3.584308e-03 5.372025e-02 3.678884e-04 5.483249e-03
91 3.812467e-03 5.187893e-02 3.677947e-04 5.776067e-03
92 4.024093e-03 5.047081e-02 3.676952e-04 6.078193e-03
93 4.212806e-03 4.983098e-02 3.675909e-04 6.375946e-03
94 4.392346e-03 4.912137e-02 3.674850e-04 6.635687e-03
95 4.440875e-03 4.860507e-02 3.673796e-04 6.754199e-03
96 4.539152e-03 4.798161e-02 3.672741e-04 6.858972e-03
97 4.986737e-03 4.855176e-02 3.671533e-04 7.391737e-03
98 4.574002e-03 5.302363e-02 3.670257e-04 7.240564e-03
99 4.987189e-03 5.415719e-02 3.668940e-04 7.571722e-03
100 5.112019e-03 5.031370e-02 3.667592e-04 7.696703e-03
101 7.304492e-03 1.643887e-01 3.664693e-04 1.141713e-02
102 6.141311e-03 6.873735e-02 3.662786e-04 9.012180e-03
103 6.150643e-03 5.647036e-02 3.660974e-04 8.958488e-03
104 6.140975e-03 5.111864e-02 3.659194e-04 8.935342e-03
105 6.223285e-03 5.124883e-02 3.657435e-04 9.053429e-03
106 6.226465e-03 5.113328e-02 3.655708e-04 9.060212e-03
107 6.229903e-03 5.086671e-02 3.654010e-04 9.053680e-03
108 6.256616e-03 5.047188e-02 3.652342e-04 9.058690e-03
109 6.198118e-03 4.992029e-02 3.650730e-04 8.975325e-03
110 6.158999e-03 4.938985e-02 3.649129e-04 8.901117e-03
111 6.219045e-03 4.950185e-02 3.648075e-04 9.017130e-03
112 6.112330e-03 4.850652e-02 3.647066e-04 8.816086e-03
113 6.025699e-03 4.795052e-02 3.646735e-04 8.698626e-03
114 5.978890e-03 4.770785e-02 3.645291e-04 8.615108e-03
115 5.859482e-03 4.694409e-02 3.643839e-04 8.511431e-03
116 5.930204e-03 5.056217e-02 3.642821e-04 8.703161e-03
117 6.098832e-03 4.890288e-02 3.642319e-04 8.936913e-03
118 6.048904e-03 4.682421e-02 3.641430e-04 8.838359e-03
119 5.992709e-03 4.585472e-02 3.640169e-04 8.747403e-03
120 5.923727e-03 4.511911e-02 3.639491e-04 8.656128e-03
121 5.898417e-03 4.637209e-02 3.639172e-04 8.691160e-03
122 5.876270e-03 4.532396e-02 3.637884e-04 8.569431e-03
123 5.876466e-03 4.428256e-02 3.637036e-04 8.527128e-03
124 5.777366e-03 4.274263e-02 3.635688e-04 8.324751e-03
125 6.257314e-03 8.038580e-02 3.635524e-04 9.387569e-03
126 6.082248e-03 5.680496e-02 3.635141e-04 8.920427e-03
127 6.063721e-03 5.139582e-02 3.634424e-04 8.858443e-03
128 5.982565e-03 5.344665e-02 3.633822e-04 8.782270e-03
129 5.909220e-03 5.036185e-02 3.632525e-04 8.711430e-03
130 6.052574e-03 4.476948e-02 3.632177e-04 8.921972e-03
131 5.906043e-03 4.261772e-02 3.630985e-04 8.716716e-03
132 5.858787e-03 4.397155e-02 3.630397e-04 8.656413e-03
133 5.857380e-03 4.390763e-02 3.629812e-04 8.607172e-03
134 5.843086e-03 4.376197e-02 3.628605e-04 8.550378e-03
135 5.822949e-03 4.364222e-02 3.628194e-04 8.481141e-03
136 5.782357e-03 4.357886e-02 3.627362e-04 8.440926e-03
137 5.701453e-03 4.346602e-02 3.626104e-04 8.355739e-03
138 5.843562e-03 4.310320e-02 3.625276e-04 8.487237e-03
139 5.819280e-03 4.412940e-02 3.624276e-04 8.505859e-03
140 6.180118e-03 7.793946e-02 3.624065e-04 9.375772e-03
141 5.874448e-03 4.562823e-02 3.623331e-04 8.766131e-03
142 6.022598e-03 4.747003e-02 3.621645e-04 8.968371e-03
143 7.007393e-03 5.800963e-02 3.621391e-04 1.012605e-02
144 6.589671e-03 4.993097e-02 3.619657e-04 9.647752e-03
145 6.978647e-03 6.195414e-02 3.619336e-04 1.030226e-02
146 6.818819e-03 5.346880e-02 3.618414e-04 1.003163e-02
147 6.908178e-03 5.402677e-02 3.616170e-04 1.020271e-02
148 7.020028e-03 5.199001e-02 3.615873e-04 1.041489e-02
149 6.992273e-03 5.166581e-02 3.614218e-04 1.034325e-02
150 7.320270e-03 5.635942e-02 3.613926e-04 1.071125e-02
151 7.134004e-03 4.877451e-02 3.613040e-04 1.043594e-02
152 7.354522e-03 4.934747e-02 3.611475e-04 1.061961e-02
153 7.387635e-03 5.600886e-02 3.611146e-04 1.058451e-02
154 7.359111e-03 5.106303e-02 3.610471e-04 1.055481e-02
155 7.294469e-03 5.142364e-02 3.609208e-04 1.048433e-02
156 7.094723e-03 5.183054e-02 3.607679e-04 1.025167e-02
157 7.033860e-03 5.452470e-02 3.606828e-04 1.024054e-02
158 6.982508e-03 5.627803e-02 3.605507e-04 1.018287e-02
159 6.850920e-03 5.769872e-02 3.603865e-04 1.005028e-02
160 6.696951e-03 6.022545e-02 3.602484e-04 9.953307e-03
161 7.195470e-03 9.376420e-02 3.602156e-04 1.090547e-02
162 6.987323e-03 6.680669e-02 3.601698e-04 1.049071e-02
163 7.077241e-03 6.453504e-02 3.600351e-04 1.062221e-02
164 7.158117e-03 7.602535e-02 3.600030e-04 1.085009e-02
165 7.105615e-03 6.171194e-02 3.597675e-04 1.071891e-02
166 7.592766e-03 8.098744e-02 3.597214e-04 1.147486e-02
167 7.406420e-03 6.212832e-02 3.596015e-04 1.111368e-02
168 7.423672e-03 6.150815e-02 3.594447e-04 1.103397e-02
169 7.594206e-03 6.072026e-02 3.591975e-04 1.108026e-02
170 8.185394e-03 7.288701e-02 3.591701e-04 1.172846e-02
171 7.772431e-03 6.107995e-02 3.591178e-04 1.120066e-02
172 7.789328e-03 6.451894e-02 3.590647e-04 1.128107e-02
173 7.785395e-03 6.674086e-02 3.588611e-04 1.127442e-02
174 7.492992e-03 6.348823e-02 3.586368e-04 1.087353e-02
175 7.547788e-03 6.719189e-02 3.585017e-04 1.098744e-02
176 7.720683e-03 6.980657e-02 3.584372e-04 1.118964e-02
177 7.747468e-03 7.074746e-02 3.582808e-04 1.123457e-02
178 7.646722e-03 7.301265e-02 3.580191e-04 1.111654e-02
179 7.803111e-03 7.082787e-02 3.579571e-04 1.144272e-02
180 8.669026e-03 1.520436e-01 3.579246e-04 1.244072e-02
181 7.993713e-03 1.204727e-01 3.578553e-04 1.181893e-02
182 7.948452e-03 9.706964e-02 3.576344e-04 1.163891e-02
183 8.356115e-03 1.004911e-01 3.575739e-04 1.226841e-02
184 7.936074e-03 8.310592e-02 3.575394e-04 1.159509e-02
185 7.858073e-03 8.384486e-02 3.574487e-04 1.150026e-02
186 7.727129e-03 8.565051e-02 3.571613e-04 1.146617e-02
187 9.488331e-03 1.465399e-01 3.570911e-04 1.369797e-02
188 8.695761e-03 1.325779e-01 3.570705e-04 1.320755e-02
189 8.667469e-03 1.301927e-01 3.569911e-04 1.300808e-02
190 8.423841e-03 1.172025e-01 3.569074e-04 1.279326e-02
191 8.186226e-03 9.489482e-02 3.567653e-04 1.247151e-02
192 8.604790e-03 9.736847e-02 3.566174e-04 1.277814e-02
193 8.349741e-03 9.876996e-02 3.563929e-04 1.253685e-02
194 8.443223e-03 1.026671e-01 3.563525e-04 1.268698e-02
195 8.329247e-03 1.022640e-01 3.562511e-04 1.250467e-02
196 8.208075e-03 1.035437e-01 3.560238e-04 1.237837e-02
197 8.242056e-03 1.180207e-01 3.558273e-04 1.256672e-02
198 8.267546e-03 1.347241e-01 3.556386e-04 1.284073e-02
199 8.145116e-03 1.462717e-01 3.552225e-04 1.291671e-02
200 8.904793e-03 1.411721e-01 3.550916e-04 1.359158e-02
201 9.125631e-03 1.387928e-01 3.550599e-04 1.440469e-02
202 8.992600e-03 1.341663e-01 3.549654e-04 1.380820e-02
203 9.009663e-03 1.308190e-01 3.547943e-04 1.373351e-02
204 8.692591e-03 1.248239e-01 3.547591e-04 1.338637e-02
205 8.668329e-03 1.242376e-01 3.546685e-04 1.327345e-02
206 8.607436e-03 1.229205e-01 3.544457e-04 1.314093e-02
207 8.677705e-03 1.192908e-01 3.540416e-04 1.307986e-02
208 8.390439e-03 1.053755e-01 3.539798e-04 1.254630e-02
209 8.327524e-03 1.033768e-01 3.539255e-04 1.230073e-02
210 8.532611e-03 1.017129e-01 3.539058e-04 1.253693e-02
211 8.261991e-03 1.009618e-01 3.538224e-04 1.208025e-02
212 8.234495e-03 9.778458e-02 3.536750e-04 1.195034e-02
213 8.931614e-03 9.319583e-02 3.532352e-04 1.295432e-02
214 1.013776e-02 1.518412e-01 3.531882e-04 1.478813e-02
215 9.572870e-03 1.458259e-01 3.531420e-04 1.413489e-02
216 9.674227e-03 1.437191e-01 3.529778e-04 1.412396e-02
217 1.091246e-02 2.051345e-01 3.526335e-04 1.560964e-02
218 1.018607e-02 1.813602e-01 3.524029e-04 1.487443e-02
219 9.915833e-03 1.486187e-01 3.522268e-04 1.453787e-02
220 9.517038e-03 1.279442e-01 3.518049e-04 1.405542e-02
221 9.208653e-03 9.006523e-02 3.516136e-04 1.338339e-02
222 9.150301e-03 8.688022e-02 3.515896e-04 1.334679e-02
223 9.113097e-03 8.651700e-02 3.514411e-04 1.320247e-02
224 8.882014e-03 8.326053e-02 3.511638e-04 1.289411e-02
225 8.678981e-03 7.473567e-02 3.508506e-04 1.240357e-02
226 8.371125e-03 6.379860e-02 3.508373e-04 1.210017e-02
227 8.371193e-03 6.347776e-02 3.505688e-04 1.194627e-02
228 8.498782e-03 8.059604e-02 3.504947e-04 1.229038e-02
229 8.661444e-03 1.436680e-01 3.504302e-04 1.315484e-02
230 8.584367e-03 8.600637e-02 3.503544e-04 1.261874e-02
231 8.756821e-03 1.085270e-01 3.502646e-04 1.312069e-02
232 8.416427e-03 6.660184e-02 3.500870e-04 1.243359e-02
233 8.540538e-03 9.905605e-02 3.499907e-04 1.314341e-02
234 8.212963e-03 8.228075e-02 3.496963e-04 1.259494e-02
235 8.080468e-03 9.545541e-02 3.496445e-04 1.270373e-02
236 7.870802e-03 7.049770e-02 3.495179e-04 1.226835e-02
237 7.845844e-03 7.756703e-02 3.493113e-04 1.220635e-02
238 7.853700e-03 7.431331e-02 3.492083e-04 1.215635e-02
239 7.636750e-03 7.546591e-02 3.491684e-04 1.187604e-02
240 7.671965e-03 7.614679e-02 3.488609e-04 1.197459e-02
241 8.485422e-03 9.816801e-02 3.487673e-04 1.338592e-02
242 9.455419e-03 1.399793e-01 3.486572e-04 1.456380e-02
243 8.966735e-03 1.544183e-01 3.485102e-04 1.409329e-02
244 9.276354e-03 2.145481e-01 3.483982e-04 1.517320e-02
245 9.510177e-03 2.149263e-01 3.482539e-04 1.551382e-02
246 9.662951e-03 2.025081e-01 3.481806e-04 1.608804e-02
247 9.528012e-03 1.905025e-01 3.478762e-04 1.570680e-02
248 9.964028e-03 1.444624e-01 3.478435e-04 1.633645e-02
249 9.415413e-03 1.422624e-01 3.477775e-04 1.568442e-02
250 9.156587e-03 1.356124e-01 3.474318e-04 1.538274e-02
251 9.445584e-03 1.127740e-01 3.473529e-04 1.582206e-02
252 9.328424e-03 1.122449e-01 3.472913e-04 1.565482e-02
253 9.126529e-03 1.119795e-01 3.472044e-04 1.541919e-02
254 9.249213e-03 1.117336e-01 3.471486e-04 1.556507e-02
255 9.159621e-03 1.110772e-01 3.469968e-04 1.541722e-02
256 9.646425e-03 1.102991e-01 3.469372e-04 1.602485e-02
257 9.656401e-03 1.094218e-01 3.467518e-04 1.609449e-02
258 9.764303e-03 1.130323e-01 3.466897e-04 1.625288e-02
259 9.595214e-03 1.069041e-01 3.465505e-04 1.593833e-02
260 9.618276e-03 1.056684e-01 3.464992e-04 1.585726e-02
261 9.451269e-03 1.045003e-01 3.464285e-04 1.551512e-02
262 9.506442e-03 1.031190e-01 3.463651e-04 1.529021e-02
263 9.433484e-03 1.009574e-01 3.462984e-04 1.512964e-02
264 9.403267e-03 1.000125e-01 3.462428e-04 1.502485e-02
265 9.327677e-03 9.840992e-02 3.459210e-04 1.487590e-02
266 9.011227e-03 9.250489e-02 3.458340e-04 1.414790e-02
267 9.645048e-03 1.136777e-01 3.458112e-04 1.513348e-02
268 9.091721e-03 1.108146e-01 3.457277e-04 1.458535e-02
269 9.087511e-03 1.132414e-01 3.456307e-04 1.456985e-02
270 9.147727e-03 1.483773e-01 3.455441e-04 1.502970e-02
271 8.892218e-03 1.060314e-01 3.453968e-04 1.421449e-02
272 9.052748e-03 1.387802e-01 3.453338e-04 1.471851e-02
273 8.942339e-03 1.107250e-01 3.452428e-04 1.431439e-02
274 8.739719e-03 8.838921e-02 3.451179e-04 1.356710e-02
275 8.529693e-03 8.203916e-02 3.449260e-04 1.309380e-02
276 8.080666e-03 7.346850e-02 3.447009e-04 1.226424e-02
277 9.635413e-03 1.626641e-01 3.446822e-04 1.469392e-02
278 8.473917e-03 1.501274e-01 3.446270e-04 1.350643e-02
279 8.192018e-03 1.198224e-01 3.445076e-04 1.298586e-02
280 8.929251e-03 1.215375e-01 3.444647e-04 1.407823e-02
281 8.541775e-03 9.305362e-02 3.441903e-04 1.344705e-02
282 8.421867e-03 1.093629e-01 3.441527e-04 1.368887e-02
283 8.292359e-03 8.418363e-02 3.440509e-04 1.331833e-02
284 8.363485e-03 7.846988e-02 3.439019e-04 1.319341e-02
285 8.765569e-03 7.872202e-02 3.437731e-04 1.334307e-02
286 8.537116e-03 7.345542e-02 3.434764e-04 1.322418e-02
287 1.053991e-02 2.379002e-01 3.428109e-04 1.775775e-02
288 1.165572e-02 1.857857e-01 3.422911e-04 1.886576e-02
289 1.045254e-02 1.706840e-01 3.417191e-04 1.838534e-02
290 9.945965e-03 1.667947e-01 3.412350e-04 1.777699e-02
291 9.470906e-03 1.313695e-01 3.408231e-04 1.674442e-02
292 9.079653e-03 1.110599e-01 3.406619e-04 1.541060e-02
293 8.888483e-03 1.013701e-01 3.403601e-04 1.475198e-02
294 8.512840e-03 7.903923e-02 3.401218e-04 1.337890e-02
295 8.024840e-03 5.994818e-02 3.399692e-04 1.213325e-02
296 7.726583e-03 6.017799e-02 3.399275e-04 1.137638e-02
297 7.725584e-03 6.276379e-02 3.397740e-04 1.133092e-02
298 7.552797e-03 6.713528e-02 3.397284e-04 1.097630e-02
299 7.503646e-03 6.707819e-02 3.396304e-04 1.080216e-02
300 7.458670e-03 6.896671e-02 3.394628e-04 1.064901e-02
301 7.532693e-03 7.330227e-02 3.393285e-04 1.070498e-02
302 7.605246e-03 7.550675e-02 3.392393e-04 1.076436e-02
303 7.731483e-03 7.878726e-02 3.391164e-04 1.104073e-02
304 8.107081e-03 1.215771e-01 3.387552e-04 1.156745e-02
305 9.123964e-03 2.080770e-01 3.385208e-04 1.333902e-02
306 8.904409e-03 1.370616e-01 3.381770e-04 1.292448e-02
307 9.055780e-03 1.060670e-01 3.378374e-04 1.327892e-02
308 9.019625e-03 8.674512e-02 3.375184e-04 1.320776e-02
309 9.172241e-03 7.645217e-02 3.374333e-04 1.327233e-02
310 8.985326e-03 7.616255e-02 3.373971e-04 1.302933e-02
311 8.923317e-03 7.581184e-02 3.372834e-04 1.294167e-02
312 8.764175e-03 7.497152e-02 3.371408e-04 1.278970e-02
313 8.845467e-03 7.697272e-02 3.370440e-04 1.286115e-02
314 9.375113e-03 7.840639e-02 3.367086e-04 1.330069e-02
315 9.460941e-03 8.790926e-02 3.366395e-04 1.369477e-02
316 9.224730e-03 8.404879e-02 3.363171e-04 1.331514e-02
317 9.115613e-03 1.138402e-01 3.362760e-04 1.347024e-02
318 9.055099e-03 1.014326e-01 3.359176e-04 1.318140e-02
319 9.261574e-03 1.312140e-01 3.358759e-04 1.390609e-02
320 8.803934e-03 8.595883e-02 3.358146e-04 1.278418e-02
321 8.654550e-03 8.320646e-02 3.357831e-04 1.247780e-02
322 8.586266e-03 8.015737e-02 3.354854e-04 1.229539e-02
323 8.472182e-03 9.026749e-02 3.354693e-04 1.234489e-02
324 8.352325e-03 8.252537e-02 3.352052e-04 1.211181e-02
325 8.246824e-03 8.758601e-02 3.351305e-04 1.201327e-02
326 8.188398e-03 8.311965e-02 3.350979e-04 1.182415e-02
327 8.080210e-03 7.593823e-02 3.348619e-04 1.149432e-02
328 7.673761e-03 6.971613e-02 3.348161e-04 1.084767e-02
329 7.598336e-03 7.394123e-02 3.345755e-04 1.086263e-02
330 7.962435e-03 1.600214e-01 3.345462e-04 1.233390e-02
331 7.773479e-03 1.321035e-01 3.342856e-04 1.173778e-02
332 7.846398e-03 9.956868e-02 3.342548e-04 1.160336e-02
333 7.738423e-03 9.112221e-02 3.341576e-04 1.135916e-02
334 7.650333e-03 8.668171e-02 3.340470e-04 1.110252e-02
335 7.423962e-03 7.851002e-02 3.339504e-04 1.058113e-02
336 7.299641e-03 7.382112e-02 3.338361e-04 1.044416e-02
337 7.344272e-03 7.653878e-02 3.336064e-04 1.063422e-02
338 7.239242e-03 9.145078e-02 3.333871e-04 1.074402e-02
339 7.120422e-03 9.831550e-02 3.333639e-04 1.074165e-02
340 7.006680e-03 7.744962e-02 3.331907e-04 1.048131e-02
341 6.987595e-03 7.441262e-02 3.331530e-04 1.023732e-02
342 6.850501e-03 7.478705e-02 3.331415e-04 1.007305e-02
343 6.749783e-03 7.086544e-02 3.330636e-04 9.832849e-03
344 6.609003e-03 7.057348e-02 3.329762e-04 9.664535e-03
345 6.622593e-03 6.648717e-02 3.329191e-04 9.615054e-03
346 7.107561e-03 1.480953e-01 3.328115e-04 1.080019e-02
347 7.085625e-03 1.450918e-01 3.325517e-04 1.077031e-02
348 7.053690e-03 1.751659e-01 3.325114e-04 1.071268e-02
349 6.833830e-03 1.018886e-01 3.323027e-04 9.694841e-03
350 7.454101e-03 1.281090e-01 3.322781e-04 1.078304e-02
351 7.430184e-03 1.651371e-01 3.321923e-04 1.149123e-02
352 6.919947e-03 1.248807e-01 3.318634e-04 1.031218e-02
353 7.458721e-03 1.710597e-01 3.318002e-04 1.206746e-02
354 7.511328e-03 1.798880e-01 3.314208e-04 1.235983e-02
355 8.580104e-03 1.515530e-01 3.313319e-04 1.418326e-02
356 8.054201e-03 1.206815e-01 3.312525e-04 1.311763e-02
357 7.720429e-03 1.164514e-01 3.312152e-04 1.234290e-02
358 7.482223e-03 1.159717e-01 3.309058e-04 1.187562e-02
359 7.006399e-03 1.018749e-01 3.308936e-04 1.103554e-02
360 6.836037e-03 1.013224e-01 3.306253e-04 1.079646e-02
361 7.335422e-03 1.548687e-01 3.305770e-04 1.207816e-02
362 7.102011e-03 1.185097e-01 3.302453e-04 1.124547e-02
363 8.477644e-03 1.591368e-01 3.302077e-04 1.356166e-02
364 7.035495e-03 1.162446e-01 3.301855e-04 1.114804e-02
365 6.846530e-03 1.013568e-01 3.301327e-04 1.077798e-02
366 6.788111e-03 7.306647e-02 3.300002e-04 1.033669e-02
367 6.611162e-03 6.630814e-02 3.297950e-04 9.926061e-03
368 6.339234e-03 6.842585e-02 3.296247e-04 9.353199e-03
369 5.797897e-03 6.650304e-02 3.294680e-04 8.554991e-03
370 5.859524e-03 8.117310e-02 3.292868e-04 8.836679e-03
371 5.935488e-03 8.774304e-02 3.292037e-04 9.202976e-03
372 6.042595e-03 1.082678e-01 3.291429e-04 9.910067e-03
373 6.080954e-03 1.106810e-01 3.287685e-04 9.940197e-03
374 8.098754e-03 2.762918e-01 3.286679e-04 1.468243e-02
375 8.163776e-03 2.564609e-01 3.284963e-04 1.465157e-02
376 7.436903e-03 2.193924e-01 3.283661e-04 1.353850e-02
377 7.231729e-03 1.699042e-01 3.282890e-04 1.265087e-02
378 7.179252e-03 1.193637e-01 3.280883e-04 1.203548e-02
379 6.699673e-03 1.133991e-01 3.277787e-04 1.118894e-02
380 6.143180e-03 1.033261e-01 3.275029e-04 1.049680e-02
381 6.571872e-03 1.596608e-01 3.271147e-04 1.163653e-02
382 6.512594e-03 1.330361e-01 3.269303e-04 1.184600e-02
383 6.169977e-03 1.187207e-01 3.266462e-04 1.117504e-02
384 5.616652e-03 9.610770e-02 3.265480e-04 9.814218e-03
385 5.359404e-03 8.502675e-02 3.263688e-04 9.195399e-03
386 4.738923e-03 6.119039e-02 3.262433e-04 7.807661e-03
387 4.536203e-03 7.077895e-02 3.262191e-04 7.425309e-03
388 4.258315e-03 5.122813e-02 3.261712e-04 6.879460e-03
389 4.042080e-03 4.139626e-02 3.260972e-04 6.450953e-03
390 3.753278e-03 3.633684e-02 3.260718e-04 6.013249e-03
391 4.152552e-03 7.516781e-02 3.259843e-04 6.627903e-03
392 4.064455e-03 5.481483e-02 3.259747e-04 6.488023e-03
393 3.761768e-03 4.154279e-02 3.259641e-04 6.144148e-03
394 3.708534e-03 3.501158e-02 3.259235e-04 6.035651e-03
395 3.598951e-03 3.093802e-02 3.258700e-04 5.795618e-03
396 3.418177e-03 2.823652e-02 3.258250e-04 5.504356e-03
397 3.238910e-03 2.591432e-02 3.257859e-04 5.246050e-03
398 3.067631e-03 2.605547e-02 3.257509e-04 5.006130e-03
399 2.906831e-03 2.624578e-02 3.257185e-04 4.783179e-03
400 3.588009e-03 7.095050e-02 3.257079e-04 6.006442e-03
401 3.138509e-03 4.311813e-02 3.256723e-04 5.246744e-03
402 3.346904e-03 6.557678e-02 3.256549e-04 5.790568e-03
403 3.066286e-03 3.399125e-02 3.256305e-04 5.117149e-03
404 2.893211e-03 2.682057e-02 3.255916e-04 4.861115e-03
405 3.046521e-03 5.535009e-02 3.255828e-04 5.372162e-03
406 2.843933e-03 3.532387e-02 3.255402e-04 4.935053e-03
407 2.968608e-03 4.346992e-02 3.254969e-04 5.317470e-03
408 2.983618e-03 3.464332e-02 3.254562e-04 5.401017e-03
409 3.892777e-03 9.103182e-02 3.254036e-04 6.858865e-03
410 4.644400e-03 1.229705e-01 3.253892e-04 7.873847e-03
411 3.790921e-03 9.249823e-02 3.253739e-04 6.975461e-03
412 3.694860e-03 7.357100e-02 3.253221e-04 6.689388e-03
413 3.794679e-03 7.124646e-02 3.252999e-04 6.871912e-03
414 3.712577e-03 5.305368e-02 3.252577e-04 6.593678e-03
415 3.883379e-03 5.041352e-02 3.252175e-04 6.745700e-03
416 3.710861e-03 4.920791e-02 3.251483e-04 6.498361e-03
417 3.600655e-03 4.819719e-02 3.251170e-04 6.327663e-03
418 3.496402e-03 4.626417e-02 3.250601e-04 6.167860e-03
419 3.346284e-03 4.325752e-02 3.250093e-04 5.946943e-03
420 3.222284e-03 4.042088e-02 3.249595e-04 5.782273e-03
421 3.733926e-03 7.640627e-02 3.249525e-04 6.930425e-03
422 3.400460e-03 4.776514e-02 3.249070e-04 6.228120e-03
423 3.567128e-03 4.761036e-02 3.248383e-04 6.507590e-03
424 3.867062e-03 6.043331e-02 3.248294e-04 7.247012e-03
425 3.770617e-03 5.181996e-02 3.247913e-04 7.082751e-03
426 4.286308e-03 7.377259e-02 3.246227e-04 7.694088e-03
427 5.751964e-03 2.002676e-01 3.245351e-04 1.051818e-02
428 5.343166e-03 1.865711e-01 3.243706e-04 1.035693e-02
429 5.343519e-03 1.280611e-01 3.241897e-04 1.014557e-02
430 5.492418e-03 8.968469e-02 3.240213e-04 1.025453e-02
431 5.551352e-03 8.890056e-02 3.238583e-04 1.032241e-02
432 5.467222e-03 8.598574e-02 3.237019e-04 1.022415e-02
433 5.357542e-03 8.284368e-02 3.235566e-04 1.004245e-02
434 4.992789e-03 7.827795e-02 3.234235e-04 9.469976e-03
435 5.448927e-03 8.224586e-02 3.233314e-04 9.893225e-03
436 5.413555e-03 8.117338e-02 3.233158e-04 1.002859e-02
437 5.312909e-03 8.084906e-02 3.232626e-04 9.982520e-03
438 5.324583e-03 7.602243e-02 3.232180e-04 9.997574e-03
439 5.358672e-03 6.574437e-02 3.231696e-04 9.824021e-03
440 5.310715e-03 6.388519e-02 3.230520e-04 9.787753e-03
441 5.342791e-03 5.874415e-02 3.230262e-04 9.919731e-03
442 5.163341e-03 5.756301e-02 3.229313e-04 9.644615e-03
443 5.409115e-03 6.247315e-02 3.229013e-04 1.012340e-02
444 5.163060e-03 6.025759e-02 3.228784e-04 9.777520e-03
445 5.088235e-03 6.052941e-02 3.228007e-04 9.674276e-03
446 5.071600e-03 6.213789e-02 3.227579e-04 9.823303e-03
447 4.960822e-03 6.113479e-02 3.227498e-04 9.588559e-03
448 4.839972e-03 6.166933e-02 3.227237e-04 9.499331e-03
449 4.717368e-03 6.074293e-02 3.226612e-04 9.340971e-03
450 6.325850e-03 1.552503e-01 3.226048e-04 1.142719e-02
451 5.935201e-03 1.848631e-01 3.225814e-04 1.125397e-02
452 5.947354e-03 1.605049e-01 3.223426e-04 1.095756e-02
453 6.391284e-03 1.757903e-01 3.221832e-04 1.211324e-02
454 6.284513e-03 1.374589e-01 3.221299e-04 1.193835e-02
455 6.055720e-03 1.291303e-01 3.219327e-04 1.156536e-02
456 5.644930e-03 1.008729e-01 3.217666e-04 1.091595e-02
457 5.304041e-03 8.972296e-02 3.216270e-04 1.033583e-02
458 4.950228e-03 7.689991e-02 3.215207e-04 9.649246e-03
459 4.433704e-03 6.334565e-02 3.214511e-04 8.786391e-03
460 3.986857e-03 5.154934e-02 3.213998e-04 8.173059e-03
461 5.253822e-03 1.001809e-01 3.213898e-04 1.111333e-02
462 4.342366e-03 8.044433e-02 3.213715e-04 9.798317e-03
463 4.037770e-03 6.783865e-02 3.213590e-04 9.046468e-03
464 3.830858e-03 6.680619e-02 3.213120e-04 8.678235e-03
465 3.748292e-03 7.667063e-02 3.212649e-04 8.992633e-03
466 6.054475e-03 1.750851e-01 3.212352e-04 1.342913e-02
467 4.871984e-03 1.557462e-01 3.212187e-04 1.211652e-02
468 4.623392e-03 1.354380e-01 3.211623e-04 1.177374e-02
469 4.449960e-03 8.634039e-02 3.210682e-04 1.136688e-02
470 5.405234e-03 8.906353e-02 3.210438e-04 1.324202e-02
471 4.927166e-03 9.356421e-02 3.210163e-04 1.294325e-02
472 4.840656e-03 9.361443e-02 3.209827e-04 1.276043e-02
473 4.825085e-03 9.447772e-02 3.209202e-04 1.269813e-02
474 4.822654e-03 9.963170e-02 3.208700e-04 1.279589e-02
475 4.748992e-03 1.022378e-01 3.208265e-04 1.264606e-02
476 4.657129e-03 1.027720e-01 3.207861e-04 1.232636e-02
477 4.559533e-03 1.010704e-01 3.207466e-04 1.189377e-02
478 4.458249e-03 9.739494e-02 3.207075e-04 1.138004e-02
479 4.338652e-03 9.197878e-02 3.206695e-04 1.079389e-02
480 4.180582e-03 8.527793e-02 3.206326e-04 1.014382e-02
481 4.086369e-03 7.886544e-02 3.205651e-04 9.633998e-03
482 6.094203e-03 2.077422e-01 3.202662e-04 1.383515e-02
483 5.776831e-03 2.126329e-01 3.200295e-04 1.440579e-02
484 5.528862e-03 1.159452e-01 3.198651e-04 1.436413e-02
485 5.245477e-03 1.042324e-01 3.197400e-04 1.352275e-02
486 4.784602e-03 9.140862e-02 3.196509e-04 1.214508e-02
487 4.272130e-03 7.833890e-02 3.195905e-04 1.064788e-02
488 3.794456e-03 6.611336e-02 3.195480e-04 9.243724e-03
489 3.380933e-03 5.510462e-02 3.195152e-04 8.010974e-03
490 3.033398e-03 4.577336e-02 3.194876e-04 6.963290e-03
491 2.742783e-03 3.907306e-02 3.194629e-04 6.081409e-03
492 2.500655e-03 3.449244e-02 3.194398e-04 5.346337e-03
493 2.300505e-03 2.995637e-02 3.194178e-04 4.742431e-03
494 2.136241e-03 2.852151e-02 3.193962e-04 4.255565e-03
495 2.002494e-03 2.861234e-02 3.193750e-04 3.872790e-03
496 1.894377e-03 2.888606e-02 3.193540e-04 3.580186e-03
497 1.807851e-03 2.919359e-02 3.193330e-04 3.363756e-03
498 1.739417e-03 2.944452e-02 3.193121e-04 3.209598e-03
499 1.686249e-03 2.963538e-02 3.192912e-04 3.104251e-03
500 1.646195e-03 2.976750e-02 3.192703e-04 3.035679e-03
501 1.616458e-03 2.978815e-02 3.192495e-04 2.991783e-03
502 1.591942e-03 2.960611e-02 3.192288e-04 2.958878e-03
503 1.579922e-03 2.991305e-02 3.192081e-04 2.953871e-03
504 1.573985e-03 2.996902e-02 3.191874e-04 2.958376e-03
505 1.567700e-03 2.982953e-02 3.191667e-04 2.961560e-03
506 1.561607e-03 2.998822e-02 3.191459e-04 2.968318e-03
507 1.555967e-03 3.015535e-02 3.191251e-04 2.977401e-03
508 1.549769e-03 3.029483e-02 3.191042e-04 2.984857e-03
509 1.535023e-03 3.015548e-02 3.190833e-04 2.970643e-03
510 1.530810e-03 3.050812e-02 3.190620e-04 2.991737e-03
511 1.538953e-03 3.145192e-02 3.190404e-04 3.035917e-03
512 1.541333e-03 3.159032e-02 3.190186e-04 3.057312e-03
513 1.539146e-03 3.184705e-02 3.189965e-04 3.077620e-03
514 1.537693e-03 3.223042e-02 3.189741e-04 3.096836e-03
515 1.536485e-03 3.265497e-02 3.189514e-04 3.116913e-03
516 1.523802e-03 3.268682e-02 3.189287e-04 3.111430e-03
517 1.507543e-03 3.259186e-02 3.189061e-04 3.094146e-03
518 1.503923e-03 3.296807e-02 3.188829e-04 3.102974e-03
519 1.537288e-03 3.662944e-02 3.188587e-04 3.203206e-03
520 1.536254e-03 3.549530e-02 3.188344e-04 3.223809e-03
521 1.527576e-03 3.546364e-02 3.188105e-04 3.206538e-03
522 1.509259e-03 3.536943e-02 3.187868e-04 3.172585e-03
523 1.494819e-03 3.602296e-02 3.187619e-04 3.205291e-03
524 1.541381e-03 3.895860e-02 3.187365e-04 3.312452e-03
525 1.538796e-03 3.817624e-02 3.187113e-04 3.305045e-03
526 1.531983e-03 3.875427e-02 3.186857e-04 3.329082e-03
527 1.531034e-03 3.926721e-02 3.186600e-04 3.341592e-03
528 1.528213e-03 3.977174e-02 3.186341e-04 3.353796e-03
529 1.525465e-03 4.026804e-02 3.186081e-04 3.366495e-03
530 1.506473e-03 4.031526e-02 3.185823e-04 3.347326e-03
531 1.475953e-03 4.000902e-02 3.185570e-04 3.300944e-03
532 1.440750e-03 3.930857e-02 3.185320e-04 3.226791e-03
533 1.525335e-03 4.109364e-02 3.185060e-04 3.353171e-03
534 1.463498e-03 4.161849e-02 3.184792e-04 3.363047e-03
535 1.539592e-03 4.341059e-02 3.184516e-04 3.495436e-03
536 1.540304e-03 4.343853e-02 3.184243e-04 3.485184e-03
537 1.530515e-03 4.396472e-02 3.183967e-04 3.510800e-03
538 1.536886e-03 4.437843e-02 3.183688e-04 3.527428e-03
539 1.541939e-03 4.477794e-02 3.183407e-04 3.546434e-03
540 1.548745e-03 4.516517e-02 3.183123e-04 3.567594e-03
541 1.558602e-03 4.556264e-02 3.182835e-04 3.592846e-03
542 1.573578e-03 4.599386e-02 3.182543e-04 3.625269e-03
543 1.566664e-03 4.592028e-02 3.182252e-04 3.611630e-03
544 1.457418e-03 4.489318e-02 3.181963e-04 3.483719e-03
545 1.630027e-03 4.976489e-02 3.181637e-04 3.771342e-03
546 1.876904e-03 4.989339e-02 3.181281e-04 4.036640e-03
547 1.898404e-03 5.075682e-02 3.180882e-04 4.168303e-03
548 1.993770e-03 5.504718e-02 3.180398e-04 4.450375e-03
549 2.135825e-03 6.138585e-02 3.179774e-04 4.861794e-03
550 2.257482e-03 7.098767e-02 3.178945e-04 5.388833e-03
551 2.374952e-03 8.119961e-02 3.177913e-04 5.922839e-03
552 2.494364e-03 8.480166e-02 3.176844e-04 6.241045e-03
553 2.451037e-03 7.856280e-02 3.175856e-04 6.207840e-03
554 2.367936e-03 7.541182e-02 3.174931e-04 6.083873e-03
555 2.305012e-03 7.405779e-02 3.174057e-04 5.952117e-03
556 2.252237e-03 7.230885e-02 3.173230e-04 5.813088e-03
557 2.216565e-03 7.042622e-02 3.172448e-04 5.670226e-03
558 2.198567e-03 6.786776e-02 3.171714e-04 5.505563e-03
559 2.179726e-03 6.433799e-02 3.171049e-04 5.291909e-03
560 2.106815e-03 5.957935e-02 3.170488e-04 4.964049e-03
561 1.945902e-03 5.384985e-02 3.170056e-04 4.500311e-03
562 1.713290e-03 4.793793e-02 3.169745e-04 3.946138e-03
563 1.468731e-03 4.230236e-02 3.169523e-04 3.394675e-03
564 1.254190e-03 3.684957e-02 3.169360e-04 2.904584e-03
565 1.083241e-03 3.176022e-02 3.169232e-04 2.492446e-03
566 9.509631e-04 2.726637e-02 3.169126e-04 2.152422e-03
567 8.459204e-04 2.339269e-02 3.169033e-04 1.873865e-03
568 7.595089e-04 1.992176e-02 3.168951e-04 1.647079e-03
569 6.862137e-04 1.686010e-02 3.168879e-04 1.462985e-03
570 6.225500e-04 1.419590e-02 3.168816e-04 1.312875e-03
571 5.660653e-04 1.212091e-02 3.168762e-04 1.188676e-03
572 5.153091e-04 1.138664e-02 3.168715e-04 1.083760e-03
573 4.695932e-04 1.060452e-02 3.168676e-04 9.933337e-04
574 4.286193e-04 9.821634e-03 3.168642e-04 9.142579e-04
575 3.920828e-04 9.074233e-03 3.168613e-04 8.444531e-04
1 2.510204e+00 3.481569e+00 2.789862e-04 2.654556e+00
2 2.056345e+00 2.885636e+00 2.313069e-04 2.177764e+00
3 1.281528e+00 1.914347e+00 2.174580e-04 1.362542e+00
4 9.856226e-01 1.550279e+00 2.140208e-04 1.050397e+00
5 9.036024e-01 1.449455e+00 2.102114e-04 9.637997e-01
6 8.063992e-01 1.327823e+00 2.037271e-04 8.612417e-01
7 6.195001e-01 1.084136e+00 1.996753e-04 6.638983e-01
8 4.875731e-01 9.018168e-01 1.977183e-04 5.245521e-01
9 4.209719e-01 8.161446e-01 1.957870e-04 4.540939e-01
10 3.512188e-01 7.246576e-01 1.943418e-04 3.802633e-01
11 2.977261e-01 6.533215e-01 1.918932e-04 3.236599e-01
12 2.003784e-01 5.189378e-01 1.904818e-04 2.209189e-01
13 1.500652e-01 4.413029e-01 1.891639e-04 1.676755e-01
14 1.077334e-01 3.674841e-01 1.880045e-04 1.226591e-01
15 7.721478e-02 3.038235e-01 1.871665e-04 8.975435e-02
16 6.025757e-02 2.597132e-01 1.865212e-04 7.107119e-02
17 4.945905e-02 2.253376e-01 1.860056e-04 5.895329e-02
18 4.193539e-02 1.973095e-01 1.855833e-04 5.039021e-02
19 3.635994e-02 1.742179e-01 1.852307e-04 4.397594e-02
20 3.207174e-02 1.575260e-01 1.851038e-04 3.899327e-02
21 3.061864e-02 1.517190e-01 1.848235e-04 3.729530e-02
22 2.743370e-02 1.387083e-01 1.847446e-04 3.356230e-02
23 2.653857e-02 1.347391e-01 1.845152e-04 3.250724e-02
24 2.400773e-02 1.233145e-01 1.844528e-04 2.948693e-02
25 2.332015e-02 1.199623e-01 1.842621e-04 2.865972e-02
26 2.128756e-02 1.098206e-01 1.842095e-04 2.618306e-02
27 2.072788e-02 1.068432e-01 1.840489e-04 2.549655e-02
28 1.908094e-02 9.781504e-02 1.839961e-04 2.344837e-02
29 1.854402e-02 9.471405e-02 1.838595e-04 2.277795e-02
30 1.721458e-02 8.674980e-02 1.837985e-04 2.109533e-02
31 1.662499e-02 8.306887e-02 1.836816e-04 2.034824e-02
32 1.555893e-02 7.698603e-02 1.835978e-04 1.897838e-02
33 1.480452e-02 7.690529e-02 1.834986e-04 1.800905e-02
34 1.397042e-02 7.551352e-02 1.834072e-04 1.692720e-02
35 1.318907e-02 7.263488e-02 1.833235e-04 1.591726e-02
36 1.248181e-02 6.856122e-02 1.832461e-04 1.500089e-02
37 1.184948e-02 6.355639e-02 1.831742e-04 1.418475e-02
38 1.129396e-02 6.158034e-02 1.831065e-04 1.347851e-02
39 1.081743e-02 6.760726e-02 1.830418e-04 1.289089e-02
40 1.042138e-02 7.459417e-02 1.829789e-04 1.243019e-02
41 1.010611e-02 8.216633e-02 1.829164e-04 1.210016e-02
42 9.869721e-03 8.994559e-02 1.828532e-04 1.189627e-02
43 9.702653e-03 9.723750e-02 1.827882e-04 1.179747e-02
44 9.582360e-03 1.029244e-01 1.827210e-04 1.175758e-02
45 9.467742e-03 1.055627e-01 1.826524e-04 1.170229e-02
46 9.318869e-03 1.040387e-01 1.825840e-04 1.156620e-02
47 9.104055e-03 9.786473e-02 1.825177e-04 1.130562e-02
48 8.815273e-03 8.765983e-02 1.824552e-04 1.092601e-02
49 8.485078e-03 7.521270e-02 1.823969e-04 1.050099e-02
50 8.163634e-03 6.283517e-02 1.823417e-04 1.012647e-02
51 7.896836e-03 6.581519e-02 1.822879e-04 9.885234e-03
52 7.718815e-03 7.466849e-02 1.822330e-04 9.831761e-03
53 7.638338e-03 8.409050e-02 1.821750e-04 9.972625e-03
54 7.643477e-03 9.341940e-02 1.821124e-04 1.027743e-02
55 7.686327e-03 1.011860e-01 1.820449e-04 1.065028e-02
56 7.790560e-03 1.063199e-01 1.819733e-04 1.107600e-02
57 7.572840e-03 1.094052e-01 1.819030e-04 1.096409e-02
58 7.199382e-03 1.062852e-01 1.818383e-04 1.054711e-02
59 6.963976e-03 9.828055e-02 1.817815e-04 1.019671e-02
60 6.465904e-03 8.724418e-02 1.817345e-04 9.435187e-03
61 6.006614e-03 7.725846e-02 1.816959e-04 8.713601e-03
62 5.596500e-03 6.805887e-02 1.816642e-04 8.049170e-03
63 5.239244e-03 5.971764e-02 1.816377e-04 7.470252e-03
64 4.991231e-03 5.285534e-02 1.816242e-04 7.075683e-03
65 4.899990e-03 5.005366e-02 1.816118e-04 6.925180e-03
66 4.755190e-03 4.705267e-02 1.815907e-04 6.690760e-03
67 4.428883e-03 4.592328e-02 1.815731e-04 6.202241e-03
68 4.222199e-03 4.533340e-02 1.815508e-04 5.934877e-03
69 4.214132e-03 4.494963e-02 1.815432e-04 6.023821e-03
70 4.082157e-03 4.379009e-02 1.815310e-04 5.792665e-03
71 3.957145e-03 4.288735e-02 1.815149e-04 5.638304e-03
72 3.824534e-03 4.182922e-02 1.815013e-04 5.465296e-03
73 3.791710e-03 4.155137e-02 1.814887e-04 5.446500e-03
74 3.598670e-03 4.167252e-02 1.814812e-04 5.182428e-03
75 3.417607e-03 4.152551e-02 1.814711e-04 4.908212e-03
76 3.225298e-03 4.113842e-02 1.814621e-04 4.617393e-03
77 3.052942e-03 4.026575e-02 1.814541e-04 4.356996e-03
78 2.900510e-03 3.931012e-02 1.814469e-04 4.127000e-03
79 2.755104e-03 3.829396e-02 1.814404e-04 3.908926e-03
80 2.613944e-03 3.721947e-02 1.814345e-04 3.698508e-03
81 2.485448e-03 3.607814e-02 1.814292e-04 3.508796e-03
82 2.415270e-03 3.516745e-02 1.814236e-04 3.418163e-03
83 2.585044e-03 3.523191e-02 1.814208e-04 3.737961e-03
84 2.411794e-03 3.516655e-02 1.814152e-04 3.481632e-03
85 2.262424e-03 3.461206e-02 1.814107e-04 3.259304e-03
86 2.090713e-03 3.335209e-02 1.814068e-04 2.990089e-03
87 1.972218e-03 3.145807e-02 1.814033e-04 2.802459e-03
88 1.871220e-03 2.911463e-02 1.814002e-04 2.641264e-03
89 1.786752e-03 2.690479e-02 1.813973e-04 2.510265e-03
90 1.731954e-03 2.506864e-02 1.813946e-04 2.434037e-03
91 2.215143e-03 2.379793e-02 1.813903e-04 3.327267e-03
92 1.867802e-03 2.420544e-02 1.813871e-04 2.769847e-03
93 1.737549e-03 2.319048e-02 1.813844e-04 2.563591e-03
94 1.641880e-03 2.203763e-02 1.813820e-04 2.413072e-03
95 1.554597e-03 2.093643e-02 1.813798e-04 2.274521e-03
96 1.477605e-03 1.987883e-02 1.813779e-04 2.152066e-03
97 1.422893e-03 1.890689e-02 1.813760e-04 2.067924e-03
98 1.377858e-03 1.804091e-02 1.813743e-04 2.001309e-03
99 1.323518e-03 1.723789e-02 1.813727e-04 1.919622e-03
100 1.259930e-03 1.642250e-02 1.813712e-04 1.822440e-03
101 1.192631e-03 1.558056e-02 1.813698e-04 1.718480e-03
102 1.133770e-03 1.470522e-02 1.813686e-04 1.627308e-03
103 1.081651e-03 1.384331e-02 1.813674e-04 1.547149e-03
104 1.033253e-03 1.301989e-02 1.813663e-04 1.473129e-03
105 9.886703e-04 1.224222e-02 1.813653e-04 1.405745e-03
106 9.467028e-04 1.151105e-02 1.813643e-04 1.342717e-03
107 9.058431e-04 1.082718e-02 1.813634e-04 1.281537e-03
108 8.667869e-04 1.018207e-02 1.813626e-04 1.223105e-03
109 8.294800e-04 9.574493e-03 1.813618e-04 1.167394e-03
110 7.944046e-04 9.002134e-03 1.813610e-04 1.115398e-03
111 7.615091e-04 8.464496e-03 1.813603e-04 1.067086e-03
112 7.306854e-04 7.960265e-03 1.813597e-04 1.022255e-03
113 7.023201e-04 7.493304e-03 1.813590e-04 9.814987e-04
114 6.751594e-04 7.062123e-03 1.813584e-04 9.428153e-04
115 6.494637e-04 6.661738e-03 1.813579e-04 9.065783e-04
1 1.592370e+00 2.907795e+00 2.390070e-04 1.724369e+00
2 1.516345e+00 2.814039e+00 2.345207e-04 1.643241e+00
3 1.421400e+00 2.698611e+00 2.305836e-04 1.542580e+00
4 1.334514e+00 2.588630e+00 2.280770e-04 1.450063e+00
5 1.276190e+00 2.512742e+00 2.246731e-04 1.387700e+00
6 1.194528e+00 2.402328e+00 2.217076e-04 1.300862e+00
7 1.119394e+00 2.296562e+00 2.196866e-04 1.220780e+00
8 1.067071e+00 2.218807e+00 2.164624e-04 1.164970e+00
9 9.786511e-01 2.083914e+00 2.142061e-04 1.069920e+00
10 9.146748e-01 1.981209e+00 2.115415e-04 1.001180e+00
11 8.376554e-01 1.849702e+00 2.091346e-04 9.185855e-01
12 7.650838e-01 1.719015e+00 2.067386e-04 8.406155e-01
13 6.862466e-01 1.578598e+00 2.047358e-04 7.559185e-01
14 6.186890e-01 1.450224e+00 2.037306e-04 6.828438e-01
15 5.843475e-01 1.382819e+00 2.020362e-04 6.457636e-01
16 5.281753e-01 1.261812e+00 2.006838e-04 5.844062e-01
17 4.804055e-01 1.159734e+00 1.993363e-04 5.322860e-01
18 4.330969e-01 1.054826e+00 1.978577e-04 4.806346e-01
19 3.812062e-01 9.336387e-01 1.963513e-04 4.238667e-01
20 3.274343e-01 8.031152e-01 1.949060e-04 3.647053e-01
21 2.763880e-01 6.727774e-01 1.938194e-04 3.084470e-01
22 2.402756e-01 5.746071e-01 1.930580e-04 2.685247e-01
23 2.160123e-01 5.074357e-01 1.927700e-04 2.416667e-01
24 2.076021e-01 4.830238e-01 1.916464e-04 2.323117e-01
25 1.726739e-01 4.153020e-01 1.908291e-04 1.934506e-01
26 1.486134e-01 3.731496e-01 1.900308e-04 1.666251e-01
27 1.258244e-01 3.322808e-01 1.891377e-04 1.412622e-01
28 1.021118e-01 2.849792e-01 1.888665e-04 1.148789e-01
29 9.627523e-02 2.720856e-01 1.883458e-04 1.081031e-01
30 8.428597e-02 2.459751e-01 1.881180e-04 9.472932e-02
31 7.888401e-02 2.339447e-01 1.874405e-04 8.877733e-02
32 6.287126e-02 1.971207e-01 1.872738e-04 7.097133e-02
33 5.923488e-02 1.882154e-01 1.869203e-04 6.692193e-02
34 5.164083e-02 1.688468e-01 1.867934e-04 5.839521e-02
35 4.941363e-02 1.627211e-01 1.864017e-04 5.584707e-02
36 4.215078e-02 1.429038e-01 1.863172e-04 4.779330e-02
37 4.047071e-02 1.383615e-01 1.861358e-04 4.587317e-02
38 3.714017e-02 1.280037e-01 1.860163e-04 4.214015e-02
39 3.532750e-02 1.220078e-01 1.858001e-04 4.012701e-02
40 3.376835e-02 1.274021e-01 1.857177e-04 3.885503e-02
41 3.224099e-02 1.112183e-01 1.855853e-04 3.681755e-02
42 3.036638e-02 1.043647e-01 1.854349e-04 3.485166e-02
43 2.820677e-02 9.522234e-02 1.852862e-04 3.227241e-02
44 2.632740e-02 8.498743e-02 1.851984e-04 2.981724e-02
45 2.522029e-02 8.018636e-02 1.851328e-04 2.857434e-02
46 2.452437e-02 7.698435e-02 1.849727e-04 2.777906e-02
47 2.249340e-02 6.914138e-02 1.848082e-04 2.543144e-02
48 2.092924e-02 6.257883e-02 1.847754e-04 2.372057e-02
49 2.034736e-02 6.080056e-02 1.846552e-04 2.303618e-02
50 1.941808e-02 6.669534e-02 1.846149e-04 2.209838e-02
51 1.890294e-02 6.380459e-02 1.845919e-04 2.144785e-02
52 1.874303e-02 6.344601e-02 1.844523e-04 2.127811e-02
53 1.686374e-02 5.457765e-02 1.844252e-04 1.906969e-02
54 1.725533e-02 5.681020e-02 1.843949e-04 1.953290e-02
55 1.679049e-02 5.467757e-02 1.843658e-04 1.895811e-02
56 1.640574e-02 5.503528e-02 1.842693e-04 1.849856e-02
57 1.509831e-02 5.631335e-02 1.841578e-04 1.693669e-02
58 1.418441e-02 4.928787e-02 1.841366e-04 1.588997e-02
59 1.383426e-02 5.160922e-02 1.840370e-04 1.548477e-02
60 1.312243e-02 4.645661e-02 1.840052e-04 1.472450e-02
61 1.303291e-02 4.894777e-02 1.839519e-04 1.471837e-02
62 1.334318e-02 5.716576e-02 1.839114e-04 1.536374e-02
63 1.347162e-02 6.428667e-02 1.838764e-04 1.549835e-02
64 1.331674e-02 6.139650e-02 1.837800e-04 1.533675e-02
65 1.319006e-02 5.908823e-02 1.836972e-04 1.538304e-02
66 1.235925e-02 6.665131e-02 1.836134e-04 1.435935e-02
67 1.139160e-02 6.930511e-02 1.835936e-04 1.319710e-02
68 1.106831e-02 6.118575e-02 1.835608e-04 1.279775e-02
69 1.138392e-02 5.499512e-02 1.834998e-04 1.325460e-02
70 1.005807e-02 4.600883e-02 1.834325e-04 1.155396e-02
71 9.088712e-03 4.079100e-02 1.834179e-04 1.036615e-02
72 8.882498e-03 4.056601e-02 1.833746e-04 1.013585e-02
73 8.373821e-03 3.969726e-02 1.833512e-04 9.598278e-03
74 8.210009e-03 3.922251e-02 1.832982e-04 9.386207e-03
75 7.768129e-03 3.787390e-02 1.832860e-04 8.890589e-03
76 7.690182e-03 3.760228e-02 1.832377e-04 8.810353e-03
77 7.946008e-03 3.630160e-02 1.832214e-04 9.148187e-03
78 7.664355e-03 3.588199e-02 1.831776e-04 8.835211e-03
79 7.779633e-03 3.451648e-02 1.831708e-04 8.888084e-03
80 7.499363e-03 3.450259e-02 1.831549e-04 8.613225e-03
81 7.618948e-03 3.409685e-02 1.830970e-04 8.740849e-03
82 7.404060e-03 3.548579e-02 1.830864e-04 8.515537e-03
83 7.191607e-03 3.266719e-02 1.830691e-04 8.275523e-03
84 7.085333e-03 3.236347e-02 1.830185e-04 8.150519e-03
85 6.657308e-03 3.132017e-02 1.830125e-04 7.669961e-03
86 6.528428e-03 3.119642e-02 1.830005e-04 7.547776e-03
87 6.418366e-03 3.088710e-02 1.829646e-04 7.430722e-03
88 6.201331e-03 2.974346e-02 1.829557e-04 7.228385e-03
89 6.021111e-03 2.957818e-02 1.829398e-04 7.051398e-03
90 5.973389e-03 2.916170e-02 1.829000e-04 7.047050e-03
91 5.788114e-03 2.808632e-02 1.828862e-04 6.883022e-03
92 5.611774e-03 2.772713e-02 1.828519e-04 6.687369e-03
93 5.504573e-03 2.675384e-02 1.828418e-04 6.628897e-03
94 5.481624e-03 2.658125e-02 1.828235e-04 6.597569e-03
95 5.379624e-03 2.613828e-02 1.827872e-04 6.523487e-03
96 5.138617e-03 2.505835e-02 1.827723e-04 6.327176e-03
97 5.082924e-03 2.469138e-02 1.827389e-04 6.272711e-03
98 4.872515e-03 2.372732e-02 1.827186e-04 6.013214e-03
99 4.913872e-03 2.317074e-02 1.826862e-04 6.008095e-03
100 5.374163e-03 3.067076e-02 1.826758e-04 6.476805e-03
101 5.049330e-03 2.293776e-02 1.826618e-04 6.106704e-03
102 5.053138e-03 2.318453e-02 1.826501e-04 6.133504e-03
103 5.339540e-03 2.844265e-02 1.826338e-04 6.545266e-03
104 5.272343e-03 2.593283e-02 1.826203e-04 6.517787e-03
105 5.183375e-03 2.444106e-02 1.825854e-04 6.440442e-03
106 5.041148e-03 2.655998e-02 1.825761e-04 6.285566e-03
107 4.956672e-03 2.702766e-02 1.825690e-04 6.184798e-03
108 4.943559e-03 2.616659e-02 1.825394e-04 6.168061e-03
109 4.905773e-03 2.851131e-02 1.824977e-04 6.138396e-03
110 4.970006e-03 2.384179e-02 1.824857e-04 6.179781e-03
111 4.837539e-03 2.348129e-02 1.824698e-04 6.038144e-03
112 4.734770e-03 2.363402e-02 1.824441e-04 5.925229e-03
113 4.621248e-03 2.291233e-02 1.824163e-04 5.777140e-03
114 4.846587e-03 2.288284e-02 1.824038e-04 5.969757e-03
115 4.601624e-03 2.285285e-02 1.823759e-04 5.702404e-03
116 4.324064e-03 2.298286e-02 1.823632e-04 5.391621e-03
117 4.262489e-03 2.370882e-02 1.823362e-04 5.318336e-03
118 4.145492e-03 2.344647e-02 1.823251e-04 5.170883e-03
119 4.049852e-03 2.292694e-02 1.823079e-04 5.049941e-03
120 4.452585e-03 3.051678e-02 1.822924e-04 5.589062e-03
121 4.329443e-03 2.869093e-02 1.822663e-04 5.507595e-03
122 3.865761e-03 2.081180e-02 1.822457e-04 4.954202e-03
123 3.747242e-03 1.980117e-02 1.822250e-04 4.774383e-03
124 3.477212e-03 1.617881e-02 1.822155e-04 4.381348e-03
125 3.425170e-03 1.539195e-02 1.821996e-04 4.305580e-03
126 3.348874e-03 1.509145e-02 1.821831e-04 4.218135e-03
127 3.465614e-03 2.247884e-02 1.821764e-04 4.476571e-03
128 3.513615e-03 2.472635e-02 1.821626e-04 4.544736e-03
129 3.559245e-03 2.461968e-02 1.821398e-04 4.590178e-03
130 3.272293e-03 1.783713e-02 1.821248e-04 4.173265e-03
131 3.302925e-03 1.608654e-02 1.821072e-04 4.181717e-03
132 3.356802e-03 2.093422e-02 1.820947e-04 4.203987e-03
133 3.224312e-03 1.472409e-02 1.820789e-04 4.079304e-03
134 3.103975e-03 1.473193e-02 1.820629e-04 3.964504e-03
135 3.114734e-03 1.581448e-02 1.820546e-04 3.996521e-03
136 3.332525e-03 1.787289e-02 1.820482e-04 4.269863e-03
137 3.396747e-03 1.848724e-02 1.820285e-04 4.343419e-03
138 4.105279e-03 2.441951e-02 1.820207e-04 5.162483e-03
139 3.778753e-03 1.956895e-02 1.819968e-04 4.762325e-03
140 3.434245e-03 2.146322e-02 1.819804e-04 4.355422e-03
141 3.259539e-03 1.793317e-02 1.819699e-04 4.157002e-03
142 3.305783e-03 1.492768e-02 1.819500e-04 4.185506e-03
143 3.260146e-03 1.447637e-02 1.819377e-04 4.145186e-03
144 3.142133e-03 1.444320e-02 1.819200e-04 4.022581e-03
145 3.142075e-03 1.456370e-02 1.819014e-04 4.096330e-03
146 3.587133e-03 2.645824e-02 1.818953e-04 4.619463e-03
147 3.203775e-03 1.691122e-02 1.818861e-04 4.202331e-03
148 3.109063e-03 1.501382e-02 1.818685e-04 4.105396e-03
149 2.957848e-03 1.451050e-02 1.818532e-04 3.893985e-03
150 2.851520e-03 1.778052e-02 1.818379e-04 3.762622e-03
151 2.730461e-03 1.457253e-02 1.818250e-04 3.601338e-03
152 2.832941e-03 1.942890e-02 1.818103e-04 3.751632e-03
153 2.739782e-03 1.458541e-02 1.818037e-04 3.616696e-03
154 2.759039e-03 1.452089e-02 1.817909e-04 3.616035e-03
155 2.959559e-03 1.939661e-02 1.817772e-04 3.864179e-03
156 2.878199e-03 1.807265e-02 1.817644e-04 3.792256e-03
157 2.754822e-03 1.437337e-02 1.817517e-04 3.636926e-03
158 3.401690e-03 2.442520e-02 1.817327e-04 4.513522e-03
159 3.990441e-03 3.245802e-02 1.817191e-04 5.443715e-03
160 3.501044e-03 2.436342e-02 1.817022e-04 4.728892e-03
161 3.700734e-03 2.499353e-02 1.816855e-04 5.025576e-03
162 3.597688e-03 2.321964e-02 1.816711e-04 4.867035e-03
163 3.245900e-03 1.902082e-02 1.816564e-04 4.317906e-03
164 3.627054e-03 1.931198e-02 1.816511e-04 4.632677e-03
165 3.520562e-03 1.902836e-02 1.816356e-04 4.497263e-03
166 3.738609e-03 2.007719e-02 1.816189e-04 4.765398e-03
167 3.541626e-03 1.671857e-02 1.816051e-04 4.544233e-03
168 3.381756e-03 1.623088e-02 1.815902e-04 4.347207e-03
169 3.425165e-03 1.703596e-02 1.815739e-04 4.419301e-03
170 3.089239e-03 1.383692e-02 1.815603e-04 3.976937e-03
171 2.860875e-03 1.384063e-02 1.815482e-04 3.669049e-03
172 2.663228e-03 1.375398e-02 1.815375e-04 3.419030e-03
173 2.600698e-03 1.370328e-02 1.815275e-04 3.333118e-03
174 2.707162e-03 1.370519e-02 1.815176e-04 3.468096e-03
175 2.598187e-03 1.356810e-02 1.815088e-04 3.313508e-03
176 2.486027e-03 1.344292e-02 1.815004e-04 3.173065e-03
177 2.411021e-03 1.334924e-02 1.814923e-04 3.088489e-03
178 2.358991e-03 1.324785e-02 1.814844e-04 3.028696e-03
179 2.314093e-03 1.314081e-02 1.814769e-04 2.980553e-03
180 2.278210e-03 1.302266e-02 1.814695e-04 2.950476e-03
181 2.231107e-03 1.290890e-02 1.814618e-04 2.904575e-03
182 2.651707e-03 2.329947e-02 1.814579e-04 3.329663e-03
183 2.677091e-03 1.729072e-02 1.814443e-04 3.273350e-03
184 2.629706e-03 2.148645e-02 1.814369e-04 3.277761e-03
185 2.378664e-03 1.726044e-02 1.814271e-04 3.018234e-03
186 2.191130e-03 1.427416e-02 1.814186e-04 2.835307e-03
187 2.131481e-03 1.273087e-02 1.814107e-04 2.764265e-03
188 2.112878e-03 1.252970e-02 1.814007e-04 2.755117e-03
189 2.933273e-03 2.885543e-02 1.813957e-04 4.000074e-03
190 2.468544e-03 2.194594e-02 1.813884e-04 3.281681e-03
191 2.394382e-03 1.762602e-02 1.813746e-04 3.144337e-03
192 2.330658e-03 1.798410e-02 1.813643e-04 3.036942e-03
193 2.219360e-03 1.269173e-02 1.813544e-04 2.856989e-03
194 2.156080e-03 1.389238e-02 1.813486e-04 2.795455e-03
195 2.093514e-03 1.161193e-02 1.813407e-04 2.695307e-03
196 2.036904e-03 1.139122e-02 1.813370e-04 2.645713e-03
197 1.994382e-03 1.134216e-02 1.813303e-04 2.579549e-03
198 1.955525e-03 1.112697e-02 1.813270e-04 2.548506e-03
199 1.941440e-03 1.105763e-02 1.813209e-04 2.529591e-03
200 1.883840e-03 1.081079e-02 1.813176e-04 2.459779e-03
201 1.839665e-03 1.071270e-02 1.813124e-04 2.405643e-03
202 1.824518e-03 1.043331e-02 1.813078e-04 2.368748e-03
203 2.135712e-03 1.155850e-02 1.813050e-04 2.678358e-03
204 2.058977e-03 1.196973e-02 1.812933e-04 2.598065e-03
205 2.243859e-03 3.405234e-02 1.812713e-04 3.028296e-03
206 2.068289e-03 1.998346e-02 1.812617e-04 2.714384e-03
207 1.880386e-03 1.314365e-02 1.812528e-04 2.418005e-03
208 1.830181e-03 9.785365e-03 1.812472e-04 2.356985e-03
209 1.813190e-03 9.971664e-03 1.812422e-04 2.332399e-03
210 1.843770e-03 1.431828e-02 1.812334e-04 2.397959e-03
211 1.880103e-03 1.286493e-02 1.812272e-04 2.392213e-03
212 1.742668e-03 9.280170e-03 1.812222e-04 2.206264e-03
213 1.686213e-03 9.191343e-03 1.812179e-04 2.132355e-03
214 1.713269e-03 9.893904e-03 1.812107e-04 2.166415e-03
215 2.059769e-03 2.737655e-02 1.812032e-04 2.642051e-03
216 1.862759e-03 1.998310e-02 1.811989e-04 2.347787e-03
217 1.750757e-03 1.261351e-02 1.811907e-04 2.229226e-03
218 1.824376e-03 1.122160e-02 1.811839e-04 2.330257e-03
219 1.682724e-03 1.012520e-02 1.811771e-04 2.147634e-03
220 1.606948e-03 9.484252e-03 1.811714e-04 2.053719e-03
221 1.557859e-03 8.572074e-03 1.811661e-04 1.994010e-03
222 1.557815e-03 1.104483e-02 1.811601e-04 2.034203e-03
223 1.684362e-03 1.740899e-02 1.811558e-04 2.252865e-03
224 1.531773e-03 1.051153e-02 1.811502e-04 2.014515e-03
225 1.499559e-03 7.929855e-03 1.811457e-04 1.964694e-03
226 1.430514e-03 7.644658e-03 1.811418e-04 1.874406e-03
227 1.380332e-03 7.536945e-03 1.811383e-04 1.812398e-03
228 1.363508e-03 7.448915e-03 1.811350e-04 1.800107e-03
229 1.354675e-03 7.354724e-03 1.811319e-04 1.800802e-03
230 1.287895e-03 7.242206e-03 1.811290e-04 1.705390e-03
231 1.404760e-03 1.974763e-02 1.811235e-04 1.892580e-03
232 1.299098e-03 9.647467e-03 1.811192e-04 1.728245e-03
233 1.240996e-03 6.977547e-03 1.811161e-04 1.643221e-03
234 1.212869e-03 6.910698e-03 1.811133e-04 1.617439e-03
235 1.195574e-03 6.858067e-03 1.811107e-04 1.601843e-03
236 1.182109e-03 6.841328e-03 1.811082e-04 1.589648e-03
237 1.166478e-03 6.763534e-03 1.811058e-04 1.574030e-03
238 1.146623e-03 6.743106e-03 1.811035e-04 1.551956e-03
239 1.117283e-03 6.714213e-03 1.811014e-04 1.514575e-03
240 1.086924e-03 6.677851e-03 1.810994e-04 1.476685e-03
241 1.057803e-03 6.638566e-03 1.810975e-04 1.442578e-03
242 1.032321e-03 6.603310e-03 1.810956e-04 1.417959e-03
243 1.014249e-03 6.553285e-03 1.810937e-04 1.400414e-03
244 9.830562e-04 6.465412e-03 1.810920e-04 1.362700e-03
245 9.613420e-04 6.375884e-03 1.810904e-04 1.334754e-03
246 9.438661e-04 6.293393e-03 1.810888e-04 1.312506e-03
247 9.276673e-04 6.212692e-03 1.810874e-04 1.292398e-03
248 9.215743e-04 6.130244e-03 1.810856e-04 1.280401e-03
249 1.280779e-03 1.891867e-02 1.810828e-04 1.655494e-03
250 1.131652e-03 1.297049e-02 1.810793e-04 1.472758e-03
251 1.123299e-03 9.573445e-03 1.810770e-04 1.479122e-03
252 1.101950e-03 1.083324e-02 1.810740e-04 1.480113e-03
253 1.035453e-03 9.093748e-03 1.810715e-04 1.403788e-03
254 9.947806e-04 7.978327e-03 1.810692e-04 1.351414e-03
255 9.870945e-04 8.566363e-03 1.810667e-04 1.339222e-03
256 9.916242e-04 1.026033e-02 1.810641e-04 1.346324e-03
257 9.348957e-04 8.163787e-03 1.810620e-04 1.295282e-03
258 9.124288e-04 7.067629e-03 1.810601e-04 1.271538e-03
259 8.999711e-04 6.218193e-03 1.810583e-04 1.255342e-03
260 9.081266e-04 5.602383e-03 1.810565e-04 1.258757e-03
261 1.004468e-03 7.581738e-03 1.810544e-04 1.369255e-03
262 9.730226e-04 5.880139e-03 1.810526e-04 1.330806e-03
263 8.971983e-04 5.552237e-03 1.810510e-04 1.239206e-03
264 8.734277e-04 5.521768e-03 1.810496e-04 1.208677e-03
265 8.598590e-04 5.488058e-03 1.810482e-04 1.189555e-03
266 8.559196e-04 5.480000e-03 1.810468e-04 1.180961e-03
267 8.406739e-04 5.464161e-03 1.810455e-04 1.162829e-03
268 8.228060e-04 5.447181e-03 1.810443e-04 1.143454e-03
269 8.182461e-04 5.438953e-03 1.810430e-04 1.138494e-03
270 8.700485e-04 6.252906e-03 1.810411e-04 1.199612e-03
271 9.557556e-04 9.998276e-03 1.810388e-04 1.307483e-03
272 8.970533e-04 5.245869e-03 1.810370e-04 1.192271e-03
273 9.423966e-04 9.005211e-03 1.810350e-04 1.233163e-03
274 9.034260e-04 9.622168e-03 1.810325e-04 1.236093e-03
275 1.143078e-03 1.928030e-02 1.810307e-04 1.762166e-03
276 1.019964e-03 1.270414e-02 1.810259e-04 1.512656e-03
277 9.139135e-04 1.675014e-02 1.810205e-04 1.386010e-03
278 9.214478e-04 1.527172e-02 1.810165e-04 1.389209e-03
279 9.917860e-04 7.897138e-03 1.810131e-04 1.414155e-03
280 1.020361e-03 7.006516e-03 1.810098e-04 1.444525e-03
281 9.543311e-04 7.117119e-03 1.810067e-04 1.358583e-03
282 9.115172e-04 6.998140e-03 1.810039e-04 1.310184e-03
283 8.894368e-04 6.955114e-03 1.810014e-04 1.288247e-03
284 8.807077e-04 7.171292e-03 1.809990e-04 1.283913e-03
285 8.839800e-04 7.512776e-03 1.809966e-04 1.290746e-03
286 8.819543e-04 7.843544e-03 1.809943e-04 1.291131e-03
287 8.565737e-04 8.162907e-03 1.809921e-04 1.267350e-03
288 8.356588e-04 8.462299e-03 1.809900e-04 1.249893e-03
289 8.245683e-04 8.740296e-03 1.809880e-04 1.244200e-03
290 8.298821e-04 8.978300e-03 1.809859e-04 1.258153e-03
291 8.667566e-04 9.162148e-03 1.809837e-04 1.314855e-03
292 9.067668e-04 9.365619e-03 1.809814e-04 1.380376e-03
293 8.933158e-04 9.778599e-03 1.809791e-04 1.366662e-03
294 9.057728e-04 1.035316e-02 1.809764e-04 1.382674e-03
295 9.058179e-04 1.128092e-02 1.809733e-04 1.406832e-03
296 1.051652e-03 1.263310e-02 1.809685e-04 1.628672e-03
297 1.141366e-03 1.197764e-02 1.809646e-04 1.734100e-03
298 1.250551e-03 1.378629e-02 1.809593e-04 1.957936e-03
299 1.129375e-03 1.466230e-02 1.809553e-04 1.850335e-03
300 1.081040e-03 1.477442e-02 1.809515e-04 1.813440e-03
301 1.078906e-03 1.489040e-02 1.809480e-04 1.789786e-03
302 1.109623e-03 1.520657e-02 1.809445e-04 1.803352e-03
303 1.222100e-03 1.580568e-02 1.809401e-04 1.918221e-03
304 2.429517e-03 2.577849e-02 1.809359e-04 3.726091e-03
305 2.076930e-03 1.984811e-02 1.809278e-04 3.190102e-03
306 1.766151e-03 1.551485e-02 1.809221e-04 2.820354e-03
307 1.655165e-03 1.646022e-02 1.809170e-04 2.696412e-03
308 1.565311e-03 1.734839e-02 1.809122e-04 2.577000e-03
309 1.486937e-03 1.819343e-02 1.809075e-04 2.470449e-03
310 1.448926e-03 1.899372e-02 1.809029e-04 2.433628e-03
311 1.405283e-03 1.979554e-02 1.808982e-04 2.391600e-03
312 1.338257e-03 2.068243e-02 1.808934e-04 2.313476e-03
313 1.375703e-03 2.318505e-02 1.808850e-04 2.392572e-03
314 1.546141e-03 2.947870e-02 1.808783e-04 2.608886e-03
315 1.497497e-03 2.429555e-02 1.808692e-04 2.549113e-03
316 1.443609e-03 2.409889e-02 1.808613e-04 2.473182e-03
317 1.437957e-03 2.481722e-02 1.808535e-04 2.477798e-03
318 1.453685e-03 2.583967e-02 1.808453e-04 2.518616e-03
319 1.470132e-03 2.676586e-02 1.808367e-04 2.561872e-03
320 1.461585e-03 2.756842e-02 1.808280e-04 2.565077e-03
321 1.466284e-03 2.825308e-02 1.808190e-04 2.573900e-03
322 1.468978e-03 2.888629e-02 1.808098e-04 2.584329e-03
323 1.458302e-03 2.949754e-02 1.808002e-04 2.590638e-03
324 1.443545e-03 3.008957e-02 1.807903e-04 2.598300e-03
325 1.429947e-03 3.058545e-02 1.807800e-04 2.607918e-03
326 1.423192e-03 3.103666e-02 1.807695e-04 2.624794e-03
327 1.407762e-03 3.126168e-02 1.807589e-04 2.622858e-03
328 1.372418e-03 3.120163e-02 1.807485e-04 2.583757e-03
329 1.317322e-03 3.087817e-02 1.807386e-04 2.507140e-03
330 1.264644e-03 3.026398e-02 1.807293e-04 2.411345e-03
331 1.222550e-03 2.903142e-02 1.807209e-04 2.310408e-03
332 1.193011e-03 2.758890e-02 1.807128e-04 2.225209e-03
333 1.524022e-03 2.893537e-02 1.807091e-04 2.811059e-03
334 1.372007e-03 2.868154e-02 1.806948e-04 2.533262e-03
335 1.310597e-03 2.654209e-02 1.806833e-04 2.429203e-03
336 1.286871e-03 2.609194e-02 1.806727e-04 2.418128e-03
337 1.141335e-03 2.275121e-02 1.806638e-04 2.080430e-03
338 1.127005e-03 2.177974e-02 1.806554e-04 2.029009e-03
339 1.082171e-03 2.007031e-02 1.806479e-04 1.916921e-03
340 1.042336e-03 1.843035e-02 1.806410e-04 1.814601e-03
341 1.003132e-03 1.679375e-02 1.806348e-04 1.713791e-03
342 9.671457e-04 1.524374e-02 1.806293e-04 1.622648e-03
343 9.332262e-04 1.362588e-02 1.806243e-04 1.529497e-03
344 9.281041e-04 1.215614e-02 1.806199e-04 1.484629e-03
345 8.881010e-04 1.136401e-02 1.806161e-04 1.400444e-03
346 8.117805e-04 1.088159e-02 1.806129e-04 1.275566e-03
347 7.743017e-04 1.031941e-02 1.806101e-04 1.221382e-03
348 7.897490e-04 9.667858e-03 1.806075e-04 1.259190e-03
349 7.559781e-04 9.114645e-03 1.806052e-04 1.223855e-03
350 7.168703e-04 8.648433e-03 1.806031e-04 1.172818e-03
351 6.796160e-04 8.258442e-03 1.806012e-04 1.100452e-03
352 6.727390e-04 7.876142e-03 1.805992e-04 1.077536e-03
353 6.752260e-04 7.758545e-03 1.805972e-04 1.070949e-03
354 6.721996e-04 7.270879e-03 1.805952e-04 1.055982e-03
355 6.468818e-04 7.074215e-03 1.805935e-04 1.000167e-03
356 6.162260e-04 6.881714e-03 1.805920e-04 9.384277e-04
357 5.978680e-04 6.651739e-03 1.805907e-04 9.039109e-04
358 5.867119e-04 6.388079e-03 1.805896e-04 8.871043e-04
