1 1.170568e+00 2.339084e+00 6.064677e-03 1.226056e+00
2 6.563807e-01 1.251310e+00 5.837113e-04 6.940374e-01
3 2.476290e-01 6.535469e-01 2.191016e-04 2.761804e-01
4 2.412398e-01 5.387178e-01 1.990438e-04 2.709840e-01
5 2.376355e-01 5.760262e-01 1.874068e-04 2.649267e-01
6 2.033717e-01 5.208544e-01 1.805084e-04 2.265074e-01
7 1.646036e-01 4.444408e-01 1.762980e-04 1.840021e-01
8 1.328233e-01 3.700871e-01 1.735671e-04 1.492328e-01
9 1.086887e-01 3.039718e-01 1.716970e-04 1.226387e-01
10 9.030734e-02 2.467327e-01 1.703628e-04 1.021330e-01
11 7.599332e-02 1.983393e-01 1.693792e-04 8.595629e-02
12 6.459190e-02 1.581716e-01 1.686334e-04 7.293951e-02
13 5.534088e-02 1.291776e-01 1.680529e-04 6.233817e-02
14 4.774355e-02 1.287269e-01 1.675891e-04 5.365995e-02
15 4.148268e-02 1.266291e-01 1.672089e-04 4.656877e-02
16 3.626850e-02 1.233502e-01 1.670728e-04 4.074784e-02
17 3.443672e-02 1.217734e-01 1.667741e-04 3.872009e-02
18 3.045688e-02 1.175253e-01 1.666554e-04 3.440759e-02
19 2.887822e-02 1.155729e-01 1.665296e-04 3.272207e-02
20 2.731931e-02 1.132849e-01 1.663413e-04 3.107071e-02
21 2.502544e-02 1.093290e-01 1.662152e-04 2.864935e-02
22 2.357945e-02 1.065103e-01 1.660902e-04 2.713899e-02
23 2.219448e-02 1.035508e-01 1.660462e-04 2.569235e-02
24 2.171090e-02 1.025227e-01 1.659280e-04 2.518248e-02
25 2.044138e-02 9.943107e-02 1.658635e-04 2.388097e-02
26 1.978543e-02 9.770896e-02 1.657389e-04 2.320297e-02
27 1.855415e-02 9.408412e-02 1.656882e-04 2.192311e-02
28 1.805968e-02 9.264823e-02 1.656186e-04 2.141031e-02
29 1.735683e-02 9.056252e-02 1.655644e-04 2.069255e-02
30 1.681727e-02 8.889944e-02 1.655228e-04 2.013777e-02
31 1.636540e-02 8.759003e-02 1.654802e-04 1.967911e-02
32 1.595542e-02 8.621658e-02 1.654274e-04 1.924687e-02
33 1.548500e-02 8.448708e-02 1.653712e-04 1.874816e-02
34 1.497237e-02 8.258021e-02 1.653193e-04 1.820541e-02
35 1.447950e-02 8.076470e-02 1.652735e-04 1.768752e-02
36 1.406869e-02 7.914707e-02 1.651950e-04 1.724576e-02
37 1.341977e-02 7.621162e-02 1.651243e-04 1.652216e-02
38 1.283294e-02 7.356375e-02 1.650436e-04 1.586583e-02
39 1.218465e-02 7.050314e-02 1.649783e-04 1.513860e-02
40 1.169337e-02 6.822218e-02 1.649064e-04 1.458608e-02
41 1.120949e-02 6.569927e-02 1.648639e-04 1.402605e-02
42 1.093421e-02 6.430823e-02 1.647938e-04 1.371090e-02
43 1.051874e-02 6.188947e-02 1.647578e-04 1.323088e-02
44 1.029960e-02 6.072054e-02 1.646975e-04 1.298180e-02
45 9.945345e-03 5.857325e-02 1.646661e-04 1.257273e-02
46 9.745853e-03 5.748616e-02 1.646099e-04 1.234232e-02
47 9.394347e-03 5.530899e-02 1.645857e-04 1.192492e-02
48 9.224406e-03 5.439612e-02 1.645420e-04 1.172393e-02
49 8.926928e-03 5.265674e-02 1.645183e-04 1.136693e-02
50 8.751213e-03 5.167890e-02 1.644768e-04 1.115547e-02
51 8.452908e-03 4.984104e-02 1.644575e-04 1.078903e-02
52 8.304159e-03 4.902434e-02 1.644197e-04 1.060945e-02
53 8.026019e-03 4.738682e-02 1.644019e-04 1.027120e-02
54 7.884461e-03 4.658252e-02 1.643664e-04 1.009920e-02
55 7.621415e-03 4.492497e-02 1.643498e-04 9.774137e-03
56 7.496781e-03 4.421315e-02 1.643140e-04 9.622851e-03
57 7.240070e-03 4.270355e-02 1.642981e-04 9.312347e-03
58 7.121918e-03 4.202098e-02 1.642649e-04 9.169157e-03
59 6.904042e-03 4.063589e-02 1.642469e-04 8.900723e-03
60 6.795025e-03 3.998325e-02 1.642036e-04 8.766397e-03
61 6.571394e-03 3.854605e-02 1.641881e-04 8.485527e-03
62 6.489696e-03 3.802359e-02 1.641575e-04 8.381957e-03
63 6.350898e-03 3.705992e-02 1.641344e-04 8.203530e-03
64 6.253672e-03 3.639286e-02 1.640893e-04 8.079995e-03
65 6.086150e-03 3.504803e-02 1.640758e-04 7.864480e-03
66 6.023002e-03 3.460661e-02 1.640397e-04 7.785136e-03
67 5.870906e-03 3.346768e-02 1.640236e-04 7.594250e-03
68 5.795795e-03 3.296112e-02 1.639824e-04 7.501003e-03
69 5.629132e-03 3.174017e-02 1.639683e-04 7.290939e-03
70 5.570080e-03 3.131644e-02 1.639400e-04 7.213972e-03
71 5.469521e-03 3.056560e-02 1.639153e-04 7.080524e-03
72 5.391576e-03 2.998636e-02 1.638744e-04 6.976502e-03
73 5.284751e-03 2.900574e-02 1.638533e-04 6.828992e-03
74 5.215958e-03 2.851155e-02 1.638274e-04 6.741784e-03
75 5.071249e-03 2.738580e-02 1.637936e-04 6.561309e-03
76 4.927097e-03 2.638373e-02 1.637707e-04 6.385207e-03
77 4.802145e-03 2.550270e-02 1.637412e-04 6.233408e-03
78 4.646227e-03 2.434633e-02 1.637164e-04 6.043893e-03
79 4.517786e-03 2.336215e-02 1.636868e-04 5.885011e-03
80 4.388439e-03 2.230992e-02 1.636571e-04 5.720372e-03
81 4.279627e-03 2.141318e-02 1.636241e-04 5.573770e-03
82 4.185461e-03 2.068975e-02 1.635908e-04 5.438737e-03
83 4.100259e-03 2.026308e-02 1.635598e-04 5.316903e-03
84 4.013675e-03 1.980651e-02 1.635321e-04 5.200168e-03
85 3.915966e-03 1.928496e-02 1.635074e-04 5.074518e-03
86 3.811747e-03 1.867688e-02 1.634848e-04 4.940142e-03
87 3.704903e-03 1.807222e-02 1.634637e-04 4.801620e-03
88 3.599677e-03 1.746176e-02 1.634438e-04 4.663377e-03
89 3.496954e-03 1.690089e-02 1.634250e-04 4.528105e-03
90 3.397506e-03 1.634699e-02 1.634073e-04 4.396710e-03
91 3.300494e-03 1.582078e-02 1.633907e-04 4.269423e-03
92 3.206133e-03 1.528316e-02 1.633754e-04 4.145689e-03
93 3.113715e-03 1.475843e-02 1.633611e-04 4.024904e-03
94 3.023316e-03 1.420977e-02 1.633480e-04 3.906511e-03
95 2.934317e-03 1.365903e-02 1.633359e-04 3.790485e-03
96 2.847193e-03 1.309140e-02 1.633248e-04 3.676882e-03
97 2.761839e-03 1.253034e-02 1.633145e-04 3.566076e-03
98 2.678909e-03 1.196723e-02 1.633050e-04 3.458363e-03
99 2.598365e-03 1.141991e-02 1.632962e-04 3.354036e-03
100 2.520657e-03 1.088172e-02 1.632879e-04 3.253271e-03
101 2.445668e-03 1.036510e-02 1.632803e-04 3.156196e-03
102 2.373658e-03 9.864508e-03 1.632731e-04 3.062853e-03
103 2.304436e-03 9.387043e-03 1.632663e-04 2.973211e-03
104 2.238107e-03 8.932881e-03 1.632600e-04 2.887154e-03
105 2.174442e-03 8.504254e-03 1.632540e-04 2.804578e-03
106 2.113520e-03 8.185936e-03 1.632484e-04 2.725397e-03
107 2.055140e-03 7.902218e-03 1.632430e-04 2.649500e-03
108 1.999327e-03 7.772641e-03 1.632379e-04 2.576816e-03
109 1.945912e-03 7.656595e-03 1.632331e-04 2.507182e-03
110 1.894831e-03 7.540177e-03 1.632285e-04 2.440454e-03
111 1.845928e-03 7.423473e-03 1.632242e-04 2.376486e-03
112 1.799127e-03 7.306486e-03 1.632200e-04 2.315185e-03
113 1.754319e-03 7.189542e-03 1.632160e-04 2.256456e-03
114 1.711449e-03 7.072830e-03 1.632121e-04 2.200212e-03
115 1.670417e-03 6.956582e-03 1.632085e-04 2.146345e-03
116 1.631142e-03 6.841362e-03 1.632049e-04 2.094744e-03
117 1.593536e-03 6.727529e-03 1.632015e-04 2.045297e-03
118 1.557521e-03 6.614256e-03 1.631982e-04 1.997899e-03
119 1.523012e-03 6.501642e-03 1.631950e-04 1.952441e-03
120 1.489937e-03 6.389753e-03 1.631919e-04 1.908828e-03
121 1.458223e-03 6.278638e-03 1.631889e-04 1.866963e-03
122 1.427806e-03 6.168361e-03 1.631860e-04 1.826765e-03
123 1.398626e-03 6.058984e-03 1.631832e-04 1.788147e-03
124 1.370620e-03 5.950573e-03 1.631804e-04 1.751032e-03
125 1.343723e-03 5.843193e-03 1.631777e-04 1.715346e-03
126 1.317886e-03 5.736893e-03 1.631751e-04 1.681018e-03
127 1.293056e-03 5.631722e-03 1.631726e-04 1.647979e-03
128 1.269182e-03 5.527740e-03 1.631701e-04 1.616167e-03
129 1.246212e-03 5.424995e-03 1.631677e-04 1.585519e-03
130 1.224097e-03 5.323530e-03 1.631653e-04 1.555975e-03
131 1.202793e-03 5.223391e-03 1.631630e-04 1.527478e-03
132 1.182245e-03 5.124811e-03 1.631607e-04 1.499962e-03
133 1.162407e-03 5.027593e-03 1.631585e-04 1.473370e-03
134 1.143233e-03 4.943058e-03 1.631564e-04 1.447647e-03
135 1.124675e-03 4.900270e-03 1.631542e-04 1.422735e-03
136 1.106695e-03 4.857189e-03 1.631521e-04 1.398585e-03
137 1.089260e-03 4.813950e-03 1.631501e-04 1.375158e-03
138 1.072348e-03 4.770648e-03 1.631481e-04 1.352427e-03
139 1.055934e-03 4.727427e-03 1.631461e-04 1.330356e-03
140 1.040022e-03 4.684434e-03 1.631442e-04 1.308947e-03
141 1.024620e-03 4.641822e-03 1.631423e-04 1.288199e-03
142 1.009725e-03 4.599773e-03 1.631405e-04 1.268100e-03
143 9.953624e-04 4.558500e-03 1.631386e-04 1.248668e-03
144 9.815552e-04 4.518154e-03 1.631368e-04 1.229920e-03
145 9.683291e-04 4.478945e-03 1.631351e-04 1.211870e-03
146 9.557250e-04 4.440983e-03 1.631333e-04 1.194559e-03
147 9.437633e-04 4.404279e-03 1.631316e-04 1.178015e-03
148 9.324011e-04 4.368494e-03 1.631300e-04 1.162209e-03
149 9.214604e-04 4.332636e-03 1.631284e-04 1.147012e-03
150 9.105786e-04 4.294853e-03 1.631268e-04 1.132109e-03
151 8.993468e-04 4.252683e-03 1.631253e-04 1.117113e-03
152 8.875429e-04 4.204292e-03 1.631238e-04 1.101744e-03
153 8.752205e-04 4.151456e-03 1.631224e-04 1.085950e-03
154 8.625713e-04 4.093767e-03 1.631210e-04 1.069847e-03
155 8.497692e-04 4.032590e-03 1.631196e-04 1.053592e-03
156 8.369588e-04 3.969544e-03 1.631182e-04 1.037336e-03
157 8.242656e-04 3.905696e-03 1.631169e-04 1.021223e-03
158 8.117719e-04 3.841747e-03 1.631156e-04 1.005347e-03
159 7.995280e-04 3.778192e-03 1.631143e-04 9.897703e-04
160 7.875612e-04 3.715257e-03 1.631131e-04 9.745296e-04
161 7.758873e-04 3.653102e-03 1.631118e-04 9.596498e-04
1 3.327173e-01 7.655534e-01 1.620611e-04 3.642027e-01
2 2.594977e-01 6.491015e-01 1.612911e-04 2.864152e-01
3 1.983229e-01 5.494369e-01 1.606997e-04 2.213144e-01
4 1.478388e-01 4.641791e-01 1.603127e-04 1.674528e-01
5 1.162279e-01 4.069503e-01 1.599715e-04 1.335430e-01
6 9.077990e-02 3.562908e-01 1.597928e-04 1.060200e-01
7 7.959402e-02 3.307331e-01 1.594813e-04 9.376823e-02
8 6.118952e-02 2.839424e-01 1.593966e-04 7.344201e-02
9 5.736433e-02 2.714922e-01 1.592237e-04 6.910605e-02
10 4.988231e-02 2.455465e-01 1.591356e-04 6.057314e-02
11 4.646351e-02 2.322359e-01 1.589481e-04 5.662245e-02
12 3.956978e-02 2.038529e-01 1.588920e-04 4.860689e-02
13 3.785309e-02 1.955279e-01 1.587880e-04 4.657844e-02
14 3.493497e-02 1.805882e-01 1.587052e-04 4.310735e-02
15 3.284477e-02 1.690951e-01 1.585799e-04 4.060185e-02
16 3.005537e-02 1.526313e-01 1.585209e-04 3.722438e-02
17 2.888958e-02 1.453621e-01 1.584123e-04 3.580090e-02
18 2.698450e-02 1.328000e-01 1.583469e-04 3.344779e-02
19 2.595214e-02 1.258243e-01 1.582501e-04 3.216997e-02
20 2.459939e-02 1.163129e-01 1.581718e-04 3.047848e-02
21 2.358648e-02 1.092224e-01 1.580842e-04 2.921431e-02
22 2.257986e-02 1.020713e-01 1.580003e-04 2.794752e-02
23 2.167997e-02 9.581899e-02 1.579196e-04 2.681971e-02
24 2.089381e-02 9.045308e-02 1.578417e-04 2.583020e-02
25 2.017964e-02 8.571261e-02 1.577759e-04 2.493663e-02
26 1.962301e-02 8.215428e-02 1.577019e-04 2.423760e-02
27 1.903197e-02 7.842360e-02 1.576410e-04 2.349784e-02
28 1.857636e-02 7.570429e-02 1.575696e-04 2.292663e-02
29 1.807065e-02 7.269624e-02 1.575102e-04 2.229357e-02
30 1.767665e-02 7.048494e-02 1.574395e-04 2.179997e-02
31 1.722649e-02 6.796058e-02 1.573794e-04 2.123866e-02
32 1.683723e-02 6.602991e-02 1.573293e-04 2.076820e-02
33 1.653766e-02 6.444362e-02 1.572589e-04 2.039748e-02
34 1.615022e-02 6.217933e-02 1.571900e-04 1.990327e-02
35 1.576854e-02 6.020821e-02 1.571237e-04 1.941824e-02
36 1.540799e-02 5.963536e-02 1.570605e-04 1.895783e-02
37 1.506207e-02 5.904111e-02 1.570000e-04 1.851755e-02
38 1.473179e-02 5.842728e-02 1.569419e-04 1.809997e-02
39 1.440639e-02 5.781092e-02 1.568855e-04 1.769400e-02
40 1.408790e-02 5.718876e-02 1.568306e-04 1.730133e-02
41 1.377248e-02 5.656426e-02 1.567772e-04 1.691638e-02
42 1.346323e-02 5.593277e-02 1.567254e-04 1.654101e-02
43 1.316303e-02 5.529011e-02 1.566754e-04 1.617618e-02
44 1.287760e-02 5.464619e-02 1.566271e-04 1.582711e-02
45 1.259808e-02 5.401507e-02 1.565808e-04 1.548788e-02
46 1.232338e-02 5.337914e-02 1.565363e-04 1.515549e-02
47 1.205758e-02 5.274568e-02 1.564934e-04 1.483397e-02
48 1.180059e-02 5.211850e-02 1.564521e-04 1.452332e-02
49 1.155517e-02 5.150242e-02 1.564120e-04 1.422599e-02
50 1.131875e-02 5.089305e-02 1.563732e-04 1.393930e-02
51 1.109652e-02 5.029459e-02 1.563354e-04 1.366781e-02
52 1.088644e-02 4.970641e-02 1.562985e-04 1.340959e-02
53 1.068851e-02 4.912842e-02 1.562624e-04 1.316422e-02
54 1.050250e-02 4.855894e-02 1.562269e-04 1.293123e-02
55 1.032869e-02 4.799577e-02 1.561919e-04 1.271040e-02
56 1.016784e-02 4.743907e-02 1.561569e-04 1.250193e-02
57 1.002244e-02 4.689369e-02 1.561215e-04 1.230652e-02
58 9.905972e-03 4.634203e-02 1.560852e-04 1.213833e-02
59 9.777636e-03 4.575867e-02 1.560477e-04 1.196609e-02
60 9.689563e-03 4.515047e-02 1.560175e-04 1.183218e-02
61 9.600190e-03 4.470983e-02 1.560077e-04 1.171298e-02
62 9.539018e-03 4.459527e-02 1.559833e-04 1.164754e-02
63 9.479314e-03 4.426434e-02 1.559654e-04 1.155824e-02
64 9.446341e-03 4.395944e-02 1.559289e-04 1.149869e-02
65 9.325761e-03 4.347627e-02 1.559142e-04 1.134096e-02
66 9.208994e-03 4.327125e-02 1.558791e-04 1.122135e-02
67 9.053161e-03 4.291950e-02 1.558636e-04 1.104341e-02
68 8.967100e-03 4.272215e-02 1.558282e-04 1.095143e-02
69 8.866362e-03 4.232467e-02 1.558097e-04 1.081738e-02
70 8.771492e-03 4.208124e-02 1.557746e-04 1.071500e-02
71 8.662946e-03 4.165589e-02 1.557469e-04 1.057561e-02
72 8.554750e-03 4.131682e-02 1.557126e-04 1.045063e-02
73 8.443757e-03 4.092816e-02 1.556820e-04 1.031432e-02
74 8.344153e-03 4.056209e-02 1.556492e-04 1.019071e-02
75 8.255892e-03 4.016188e-02 1.556173e-04 1.007188e-02
76 8.188527e-03 3.975693e-02 1.555863e-04 9.967949e-03
77 8.112890e-03 3.934438e-02 1.555561e-04 9.860957e-03
78 8.024400e-03 3.894962e-02 1.555267e-04 9.748566e-03
79 7.941584e-03 3.857205e-02 1.554979e-04 9.643181e-03
80 7.869673e-03 3.820397e-02 1.554697e-04 9.547727e-03
81 7.804909e-03 3.783982e-02 1.554419e-04 9.459004e-03
82 7.743947e-03 3.747882e-02 1.554145e-04 9.374249e-03
83 7.683856e-03 3.712255e-02 1.553876e-04 9.290988e-03
84 7.625852e-03 3.678697e-02 1.553728e-04 9.210711e-03
85 7.588398e-03 3.661078e-02 1.553469e-04 9.161441e-03
86 7.537427e-03 3.628292e-02 1.553215e-04 9.089813e-03
87 7.482711e-03 3.595573e-02 1.552965e-04 9.016405e-03
88 7.431012e-03 3.563373e-02 1.552716e-04 8.946932e-03
89 7.383853e-03 3.531561e-02 1.552469e-04 8.882149e-03
90 7.339567e-03 3.499925e-02 1.552223e-04 8.820978e-03
91 7.294833e-03 3.468786e-02 1.551975e-04 8.761339e-03
92 7.250042e-03 3.438349e-02 1.551727e-04 8.703410e-03
93 7.203622e-03 3.408366e-02 1.551475e-04 8.645932e-03
94 7.153197e-03 3.378483e-02 1.551220e-04 8.586895e-03
95 7.098354e-03 3.348528e-02 1.550960e-04 8.525680e-03
96 7.044374e-03 3.319003e-02 1.550694e-04 8.465838e-03
97 6.990637e-03 3.290632e-02 1.550423e-04 8.408879e-03
98 6.931132e-03 3.263888e-02 1.550148e-04 8.351052e-03
99 6.906097e-03 3.242054e-02 1.549859e-04 8.313636e-03
100 6.852476e-03 3.213727e-02 1.549701e-04 8.261238e-03
101 6.817137e-03 3.200846e-02 1.549419e-04 8.228107e-03
102 6.801795e-03 3.175618e-02 1.549142e-04 8.201430e-03
103 6.782821e-03 3.153468e-02 1.548866e-04 8.176229e-03
104 6.766575e-03 3.130752e-02 1.548592e-04 8.152007e-03
105 6.738843e-03 3.108453e-02 1.548342e-04 8.122661e-03
106 6.721495e-03 3.089067e-02 1.548074e-04 8.100311e-03
107 6.708872e-03 3.067646e-02 1.547809e-04 8.078771e-03
108 6.694998e-03 3.046012e-02 1.547546e-04 8.054975e-03
109 6.677923e-03 3.024173e-02 1.547285e-04 8.027771e-03
110 6.660963e-03 3.003282e-02 1.547027e-04 8.001132e-03
111 6.643925e-03 2.983110e-02 1.546772e-04 7.974538e-03
112 6.626660e-03 2.963505e-02 1.546518e-04 7.948199e-03
113 6.608187e-03 2.944358e-02 1.546267e-04 7.921292e-03
114 6.585861e-03 2.925700e-02 1.546019e-04 7.891421e-03
115 6.564385e-03 2.907376e-02 1.545774e-04 7.861984e-03
116 6.545046e-03 2.888840e-02 1.545530e-04 7.833956e-03
117 6.525837e-03 2.870662e-02 1.545287e-04 7.806381e-03
118 6.506003e-03 2.852838e-02 1.545046e-04 7.778712e-03
119 6.484813e-03 2.835183e-02 1.544806e-04 7.750269e-03
120 6.462205e-03 2.817625e-02 1.544567e-04 7.720809e-03
121 6.438700e-03 2.800183e-02 1.544328e-04 7.690567e-03
122 6.413038e-03 2.782745e-02 1.544088e-04 7.658530e-03
123 6.384482e-03 2.765622e-02 1.543848e-04 7.624176e-03
124 6.351891e-03 2.749050e-02 1.543607e-04 7.586789e-03
125 6.315906e-03 2.732164e-02 1.543365e-04 7.546852e-03
126 6.281241e-03 2.715389e-02 1.543121e-04 7.507886e-03
127 6.250528e-03 2.698651e-02 1.542874e-04 7.472204e-03
128 6.221642e-03 2.681863e-02 1.542625e-04 7.438492e-03
129 6.194816e-03 2.665150e-02 1.542373e-04 7.406779e-03
130 6.168680e-03 2.648605e-02 1.542118e-04 7.375907e-03
131 6.143962e-03 2.632343e-02 1.541860e-04 7.346459e-03
132 6.119724e-03 2.616325e-02 1.541600e-04 7.317698e-03
133 6.087949e-03 2.599654e-02 1.541338e-04 7.281995e-03
134 6.052848e-03 2.583009e-02 1.541077e-04 7.243835e-03
135 6.023348e-03 2.566058e-02 1.540815e-04 7.209018e-03
136 6.005149e-03 2.550181e-02 1.540554e-04 7.184548e-03
137 5.990891e-03 2.534051e-02 1.540293e-04 7.164302e-03
138 5.973184e-03 2.516939e-02 1.540033e-04 7.140384e-03
139 5.952939e-03 2.499680e-02 1.539773e-04 7.114744e-03
140 5.922187e-03 2.483993e-02 1.539515e-04 7.081477e-03
141 5.875411e-03 2.467985e-02 1.539260e-04 7.034372e-03
142 5.819280e-03 2.450189e-02 1.539009e-04 6.978768e-03
143 5.763814e-03 2.431465e-02 1.538763e-04 6.923600e-03
144 5.715014e-03 2.413136e-02 1.538521e-04 6.873830e-03
145 5.666761e-03 2.394598e-02 1.538284e-04 6.823499e-03
146 5.614751e-03 2.377751e-02 1.538061e-04 6.765502e-03
147 5.595087e-03 2.352595e-02 1.537831e-04 6.741783e-03
148 5.591088e-03 2.335917e-02 1.537605e-04 6.732751e-03
149 5.577852e-03 2.318695e-02 1.537445e-04 6.715216e-03
150 5.569688e-03 2.305496e-02 1.537223e-04 6.702691e-03
151 5.549539e-03 2.287019e-02 1.537087e-04 6.677992e-03
152 5.516467e-03 2.271875e-02 1.536956e-04 6.642047e-03
153 5.438911e-03 2.251253e-02 1.536749e-04 6.562863e-03
154 5.405334e-03 2.231313e-02 1.536549e-04 6.527802e-03
155 5.367051e-03 2.212321e-02 1.536373e-04 6.489083e-03
156 5.334487e-03 2.194776e-02 1.536182e-04 6.455700e-03
157 5.293418e-03 2.176033e-02 1.536076e-04 6.415028e-03
158 5.273654e-03 2.165000e-02 1.535892e-04 6.394568e-03
159 5.239187e-03 2.146190e-02 1.535788e-04 6.359846e-03
160 5.224880e-03 2.135428e-02 1.535610e-04 6.344329e-03
161 5.197188e-03 2.118157e-02 1.535509e-04 6.316073e-03
162 5.172902e-03 2.107216e-02 1.535336e-04 6.291292e-03
163 5.124711e-03 2.088026e-02 1.535234e-04 6.243017e-03
164 5.100159e-03 2.076077e-02 1.535068e-04 6.216999e-03
165 5.057174e-03 2.056011e-02 1.534954e-04 6.172143e-03
166 5.030995e-03 2.045033e-02 1.534793e-04 6.143709e-03
167 4.995951e-03 2.035158e-02 1.534704e-04 6.105698e-03
168 4.996139e-03 2.027846e-02 1.534547e-04 6.102969e-03
169 5.013992e-03 2.026339e-02 1.534474e-04 6.118874e-03
170 4.975712e-03 2.020321e-02 1.534320e-04 6.082510e-03
171 4.908072e-03 2.011121e-02 1.534252e-04 6.015762e-03
172 4.892848e-03 2.006347e-02 1.534104e-04 5.999256e-03
173 4.852695e-03 1.998437e-02 1.534038e-04 5.957096e-03
174 4.840462e-03 1.993272e-02 1.533895e-04 5.943014e-03
175 4.806745e-03 1.984857e-02 1.533830e-04 5.905960e-03
176 4.796655e-03 1.979821e-02 1.533691e-04 5.893361e-03
177 4.774007e-03 1.972861e-02 1.533626e-04 5.862669e-03
178 4.797392e-03 1.972480e-02 1.533486e-04 5.872811e-03
179 4.835962e-03 1.976182e-02 1.533420e-04 5.898898e-03
180 4.800065e-03 1.966428e-02 1.533282e-04 5.861635e-03
181 4.747292e-03 1.951390e-02 1.533218e-04 5.809466e-03
182 4.737072e-03 1.944876e-02 1.533084e-04 5.798807e-03
183 4.707783e-03 1.932939e-02 1.533020e-04 5.768976e-03
184 4.697614e-03 1.926232e-02 1.532889e-04 5.757257e-03
185 4.670878e-03 1.914840e-02 1.532823e-04 5.727710e-03
186 4.660981e-03 1.908514e-02 1.532695e-04 5.715700e-03
187 4.636332e-03 1.898601e-02 1.532628e-04 5.686819e-03
188 4.626091e-03 1.892634e-02 1.532502e-04 5.673449e-03
189 4.603503e-03 1.884266e-02 1.532431e-04 5.643316e-03
190 4.593270e-03 1.877776e-02 1.532308e-04 5.628713e-03
191 4.572186e-03 1.864826e-02 1.532234e-04 5.603804e-03
192 4.560405e-03 1.853249e-02 1.532112e-04 5.590874e-03
193 4.542413e-03 1.823921e-02 1.532030e-04 5.575304e-03
194 4.547870e-03 1.821679e-02 1.531907e-04 5.575950e-03
195 4.529995e-03 1.818685e-02 1.531823e-04 5.554229e-03
196 4.521355e-03 1.816984e-02 1.531706e-04 5.542756e-03
197 4.509081e-03 1.814334e-02 1.531614e-04 5.527670e-03
198 4.500055e-03 1.809936e-02 1.531500e-04 5.516423e-03
199 4.488633e-03 1.803772e-02 1.531398e-04 5.502723e-03
200 4.478863e-03 1.796578e-02 1.531285e-04 5.491171e-03
201 4.468097e-03 1.788827e-02 1.531173e-04 5.478970e-03
202 4.463750e-03 1.781962e-02 1.531059e-04 5.474225e-03
203 4.493462e-03 1.777406e-02 1.530944e-04 5.496912e-03
204 4.502894e-03 1.770599e-02 1.530830e-04 5.499154e-03
205 4.493001e-03 1.762713e-02 1.530716e-04 5.489018e-03
206 4.482088e-03 1.751776e-02 1.530604e-04 5.478528e-03
207 4.468801e-03 1.739904e-02 1.531331e-04 5.465928e-03
208 4.245756e-03 1.638175e-02 1.531167e-04 5.043783e-03
209 4.259389e-03 1.674447e-02 1.531041e-04 5.147185e-03
210 4.303324e-03 1.678182e-02 1.530924e-04 5.228900e-03
211 4.336745e-03 1.677565e-02 1.530808e-04 5.283863e-03
212 4.364808e-03 1.672204e-02 1.530689e-04 5.326436e-03
213 4.455323e-03 1.704514e-02 1.530560e-04 5.439508e-03
214 4.442010e-03 1.738218e-02 1.530440e-04 5.430775e-03
215 4.404932e-03 1.767519e-02 1.530323e-04 5.387282e-03
216 4.388355e-03 1.793861e-02 1.530205e-04 5.369212e-03
217 4.378034e-03 1.817649e-02 1.530088e-04 5.358201e-03
218 4.371638e-03 1.838543e-02 1.529970e-04 5.351339e-03
219 4.368116e-03 1.854501e-02 1.529851e-04 5.347355e-03
220 4.371299e-03 1.865493e-02 1.529732e-04 5.349960e-03
221 4.377007e-03 1.870660e-02 1.529612e-04 5.356537e-03
222 4.386075e-03 1.868931e-02 1.529489e-04 5.382985e-03
223 4.378615e-03 1.861422e-02 1.529367e-04 5.371318e-03
224 4.356264e-03 1.849409e-02 1.529247e-04 5.330090e-03
225 4.359694e-03 1.828695e-02 1.529126e-04 5.330967e-03
226 4.365538e-03 1.801247e-02 1.529006e-04 5.342998e-03
227 4.332340e-03 1.768336e-02 1.528889e-04 5.292381e-03
228 4.310270e-03 1.727523e-02 1.528775e-04 5.258936e-03
229 4.291363e-03 1.679877e-02 1.528663e-04 5.231359e-03
230 4.265159e-03 1.626923e-02 1.528553e-04 5.196559e-03
231 4.235553e-03 1.570181e-02 1.528447e-04 5.157602e-03
232 4.205223e-03 1.510400e-02 1.528343e-04 5.116920e-03
233 4.174697e-03 1.479163e-02 1.528242e-04 5.075341e-03
234 4.143796e-03 1.461746e-02 1.528143e-04 5.032918e-03
235 4.112379e-03 1.443834e-02 1.528048e-04 4.989721e-03
236 4.080859e-03 1.425585e-02 1.527954e-04 4.946232e-03
237 4.048927e-03 1.406970e-02 1.527863e-04 4.902371e-03
238 4.016927e-03 1.388072e-02 1.527775e-04 4.858563e-03
239 3.984248e-03 1.368775e-02 1.527688e-04 4.814432e-03
240 3.951101e-03 1.349162e-02 1.527604e-04 4.770251e-03
241 3.917236e-03 1.329290e-02 1.527521e-04 4.725733e-03
242 3.883390e-03 1.309327e-02 1.527440e-04 4.681468e-03
243 3.849681e-03 1.301079e-02 1.527361e-04 4.637727e-03
244 3.816155e-03 1.298992e-02 1.527283e-04 4.594502e-03
245 3.782635e-03 1.295801e-02 1.527207e-04 4.551772e-03
246 3.749165e-03 1.291507e-02 1.527131e-04 4.509713e-03
247 3.716116e-03 1.286171e-02 1.527058e-04 4.468581e-03
248 3.683794e-03 1.279816e-02 1.526985e-04 4.428427e-03
249 3.652217e-03 1.272394e-02 1.526913e-04 4.389292e-03
250 3.621369e-03 1.264487e-02 1.526842e-04 4.351176e-03
251 3.591074e-03 1.256799e-02 1.526772e-04 4.313974e-03
252 3.561426e-03 1.248467e-02 1.526702e-04 4.277739e-03
253 3.532380e-03 1.239965e-02 1.526634e-04 4.242405e-03
254 3.505029e-03 1.232569e-02 1.526565e-04 4.208927e-03
255 3.479242e-03 1.227201e-02 1.526496e-04 4.177443e-03
256 3.452731e-03 1.221835e-02 1.526428e-04 4.146727e-03
257 3.425219e-03 1.212894e-02 1.526361e-04 4.116207e-03
258 3.398246e-03 1.200461e-02 1.526294e-04 4.085820e-03
259 3.371728e-03 1.186388e-02 1.526229e-04 4.055431e-03
260 3.345328e-03 1.180675e-02 1.526165e-04 4.024862e-03
261 3.319087e-03 1.184491e-02 1.526102e-04 3.994365e-03
262 3.296999e-03 1.188843e-02 1.526038e-04 3.967763e-03
263 3.306121e-03 1.194000e-02 1.525972e-04 3.973359e-03
264 3.250167e-03 1.196394e-02 1.525910e-04 3.911984e-03
265 3.207808e-03 1.194715e-02 1.525852e-04 3.864597e-03
266 3.175788e-03 1.191958e-02 1.525795e-04 3.827804e-03
267 3.145327e-03 1.189082e-02 1.525740e-04 3.792781e-03
268 3.115929e-03 1.186016e-02 1.525687e-04 3.759208e-03
269 3.087391e-03 1.182655e-02 1.525636e-04 3.726738e-03
270 3.059446e-03 1.178968e-02 1.525586e-04 3.695100e-03
271 3.031931e-03 1.174910e-02 1.525537e-04 3.664147e-03
272 3.004706e-03 1.170542e-02 1.525490e-04 3.633796e-03
273 2.978118e-03 1.165760e-02 1.525444e-04 3.604192e-03
274 2.952303e-03 1.160566e-02 1.525399e-04 3.575373e-03
275 2.926778e-03 1.155037e-02 1.525356e-04 3.547102e-03
276 2.901862e-03 1.149112e-02 1.525313e-04 3.519570e-03
277 2.877628e-03 1.142884e-02 1.525271e-04 3.492831e-03
278 2.853914e-03 1.136339e-02 1.525230e-04 3.466762e-03
279 2.829949e-03 1.128755e-02 1.525190e-04 3.440287e-03
280 2.764683e-03 1.057291e-02 1.525124e-04 3.346351e-03
281 2.707148e-03 1.417574e-02 1.525089e-04 3.236745e-03
282 2.722961e-03 1.310273e-02 1.525030e-04 3.262230e-03
283 2.735914e-03 9.563432e-03 1.524981e-04 3.292072e-03
284 2.663421e-03 8.981395e-03 1.524929e-04 3.195855e-03
285 2.665514e-03 9.089427e-03 1.524884e-04 3.204821e-03
286 2.674550e-03 9.197757e-03 1.524843e-04 3.222554e-03
287 2.669891e-03 9.335544e-03 1.524805e-04 3.224586e-03
288 2.655367e-03 9.467580e-03 1.524768e-04 3.214894e-03
289 2.636856e-03 9.582909e-03 1.524732e-04 3.200050e-03
290 2.616501e-03 9.669832e-03 1.524698e-04 3.182311e-03
291 2.594699e-03 9.722807e-03 1.524665e-04 3.162083e-03
292 2.571850e-03 9.748296e-03 1.524633e-04 3.140058e-03
293 2.548237e-03 9.751678e-03 1.524602e-04 3.116716e-03
294 2.524113e-03 9.738999e-03 1.524572e-04 3.092435e-03
295 2.499723e-03 9.714031e-03 1.524543e-04 3.067582e-03
296 2.474914e-03 9.678885e-03 1.524514e-04 3.042164e-03
297 2.448117e-03 9.635545e-03 1.524486e-04 3.014742e-03
298 2.402275e-03 9.525578e-03 1.524454e-04 2.966630e-03
299 2.312605e-03 8.702879e-03 1.524421e-04 2.854040e-03
300 2.347507e-03 9.071804e-03 1.524393e-04 2.900638e-03
301 2.327971e-03 8.917460e-03 1.524365e-04 2.879732e-03
302 2.313021e-03 8.846473e-03 1.524339e-04 2.864710e-03
303 2.296009e-03 8.772114e-03 1.524313e-04 2.847382e-03
304 2.278974e-03 8.701844e-03 1.524288e-04 2.830004e-03
305 2.263240e-03 8.639862e-03 1.524263e-04 2.814644e-03
306 2.247969e-03 8.588598e-03 1.524239e-04 2.799669e-03
307 2.233124e-03 8.548244e-03 1.524215e-04 2.785029e-03
308 2.218255e-03 8.515632e-03 1.524192e-04 2.770451e-03
309 2.203395e-03 8.481869e-03 1.524169e-04 2.755746e-03
310 2.188459e-03 8.443856e-03 1.524147e-04 2.740987e-03
311 2.173657e-03 8.401616e-03 1.524124e-04 2.726537e-03
312 2.158997e-03 8.356039e-03 1.524102e-04 2.712514e-03
313 2.144294e-03 8.299202e-03 1.524080e-04 2.696961e-03
314 2.130668e-03 8.244568e-03 1.524059e-04 2.682883e-03
315 2.117988e-03 8.190672e-03 1.524038e-04 2.669948e-03
316 2.106365e-03 8.130887e-03 1.524017e-04 2.657619e-03
317 2.094935e-03 8.061920e-03 1.523996e-04 2.644919e-03
318 2.083955e-03 7.989064e-03 1.523976e-04 2.632695e-03
319 2.073449e-03 7.914595e-03 1.523955e-04 2.621102e-03
320 2.063457e-03 7.840376e-03 1.523934e-04 2.610274e-03
321 2.054082e-03 7.766887e-03 1.523913e-04 2.600353e-03
322 2.045374e-03 7.723501e-03 1.523892e-04 2.591423e-03
323 2.037431e-03 7.743578e-03 1.523870e-04 2.583605e-03
324 2.030242e-03 7.765935e-03 1.523848e-04 2.576956e-03
325 2.023868e-03 7.791037e-03 1.523826e-04 2.571549e-03
326 2.018336e-03 7.819193e-03 1.523802e-04 2.567431e-03
327 2.013629e-03 7.850805e-03 1.523777e-04 2.564611e-03
328 2.009697e-03 7.890781e-03 1.523750e-04 2.563015e-03
329 2.006421e-03 7.935502e-03 1.523721e-04 2.562468e-03
330 2.003604e-03 7.983597e-03 1.523689e-04 2.562634e-03
331 2.000386e-03 8.033762e-03 1.523655e-04 2.562030e-03
332 1.996588e-03 8.083056e-03 1.523616e-04 2.560188e-03
333 1.992101e-03 8.143015e-03 1.523574e-04 2.556627e-03
334 1.986756e-03 8.529449e-03 1.523526e-04 2.550642e-03
335 1.980428e-03 8.852991e-03 1.523474e-04 2.541470e-03
336 1.973609e-03 9.081159e-03 1.523417e-04 2.529006e-03
337 1.967078e-03 9.202098e-03 1.523356e-04 2.513691e-03
338 1.961429e-03 9.191835e-03 1.523292e-04 2.496146e-03
339 1.956834e-03 9.057237e-03 1.523226e-04 2.477105e-03
340 1.952826e-03 8.877332e-03 1.523160e-04 2.457185e-03
341 1.948568e-03 8.705783e-03 1.523097e-04 2.436446e-03
342 1.943893e-03 8.326248e-03 1.523039e-04 2.414854e-03
343 1.938716e-03 7.643922e-03 1.522987e-04 2.391804e-03
344 1.931507e-03 6.918348e-03 1.522941e-04 2.369136e-03
345 1.918835e-03 6.716895e-03 1.522900e-04 2.347290e-03
346 1.904397e-03 6.529116e-03 1.522862e-04 2.324322e-03
347 1.888341e-03 6.354772e-03 1.522828e-04 2.300362e-03
348 1.871006e-03 6.194730e-03 1.522795e-04 2.275446e-03
349 1.851800e-03 6.052765e-03 1.522765e-04 2.249122e-03
350 1.829796e-03 5.917446e-03 1.522737e-04 2.220742e-03
351 1.805587e-03 5.786633e-03 1.522709e-04 2.190601e-03
352 1.781362e-03 5.661832e-03 1.522682e-04 2.160457e-03
353 1.749504e-03 5.549751e-03 1.522657e-04 2.126175e-03
354 1.719827e-03 5.441240e-03 1.522633e-04 2.093927e-03
355 1.695903e-03 5.329982e-03 1.522610e-04 2.065651e-03
356 1.675090e-03 5.220269e-03 1.522588e-04 2.039941e-03
357 1.656484e-03 5.114205e-03 1.522567e-04 2.016452e-03
358 1.638173e-03 5.081836e-03 1.522546e-04 1.993750e-03
359 1.619945e-03 5.222177e-03 1.522526e-04 1.971584e-03
360 1.601081e-03 5.355325e-03 1.522505e-04 1.949339e-03
361 1.582998e-03 5.482206e-03 1.522486e-04 1.928290e-03
362 1.565488e-03 5.607077e-03 1.522466e-04 1.908394e-03
363 1.549698e-03 5.727237e-03 1.522447e-04 1.890590e-03
364 1.534686e-03 5.895457e-03 1.522427e-04 1.874109e-03
365 1.518814e-03 6.114724e-03 1.522408e-04 1.857561e-03
366 1.502162e-03 6.353387e-03 1.522389e-04 1.840949e-03
367 1.486597e-03 6.584064e-03 1.522370e-04 1.825642e-03
368 1.471769e-03 6.807910e-03 1.522351e-04 1.811372e-03
369 1.458124e-03 7.020819e-03 1.522332e-04 1.798393e-03
370 1.446133e-03 7.218583e-03 1.522313e-04 1.787002e-03
371 1.435803e-03 7.417747e-03 1.522294e-04 1.777447e-03
372 1.426937e-03 7.602439e-03 1.522276e-04 1.769311e-03
373 1.419036e-03 7.762567e-03 1.522256e-04 1.762004e-03
374 1.410284e-03 7.899205e-03 1.522237e-04 1.754062e-03
375 1.398922e-03 7.985976e-03 1.522218e-04 1.743120e-03
376 1.385073e-03 8.017785e-03 1.522199e-04 1.728931e-03
377 1.370977e-03 7.968664e-03 1.522181e-04 1.712879e-03
378 1.359163e-03 7.835892e-03 1.522163e-04 1.697483e-03
379 1.351186e-03 7.665310e-03 1.522147e-04 1.685523e-03
380 1.345470e-03 7.460815e-03 1.522131e-04 1.675314e-03
381 1.340053e-03 7.241662e-03 1.522116e-04 1.665453e-03
382 1.334994e-03 7.024505e-03 1.522101e-04 1.656058e-03
383 1.329711e-03 6.811225e-03 1.522088e-04 1.646544e-03
384 1.323920e-03 6.603159e-03 1.522075e-04 1.636512e-03
385 1.317835e-03 6.405736e-03 1.522062e-04 1.626164e-03
386 1.311325e-03 6.218569e-03 1.522050e-04 1.615488e-03
387 1.304424e-03 6.048413e-03 1.522039e-04 1.604797e-03
388 1.297355e-03 5.901175e-03 1.522028e-04 1.594367e-03
389 1.290620e-03 5.777554e-03 1.522017e-04 1.584511e-03
390 1.284633e-03 5.684567e-03 1.522006e-04 1.575653e-03
391 1.278383e-03 5.633624e-03 1.521996e-04 1.566956e-03
392 1.272801e-03 5.615898e-03 1.521986e-04 1.559298e-03
393 1.267401e-03 5.635113e-03 1.521976e-04 1.552298e-03
394 1.261394e-03 5.689521e-03 1.521967e-04 1.545184e-03
395 1.256000e-03 5.809342e-03 1.521957e-04 1.539614e-03
396 1.251540e-03 6.037175e-03 1.521946e-04 1.536855e-03
397 1.244768e-03 6.384241e-03 1.521936e-04 1.534704e-03
398 1.233768e-03 6.793851e-03 1.521925e-04 1.530735e-03
399 1.218456e-03 7.165223e-03 1.521914e-04 1.522683e-03
400 1.199531e-03 7.404514e-03 1.521902e-04 1.508877e-03
401 1.179437e-03 7.468599e-03 1.521891e-04 1.490366e-03
402 1.160786e-03 7.390507e-03 1.521879e-04 1.470442e-03
403 1.144639e-03 7.226224e-03 1.521869e-04 1.451610e-03
404 1.131587e-03 7.009054e-03 1.521859e-04 1.434877e-03
405 1.120563e-03 6.773647e-03 1.521849e-04 1.420004e-03
406 1.111169e-03 6.474195e-03 1.521840e-04 1.404625e-03
407 1.104072e-03 6.125325e-03 1.521831e-04 1.390315e-03
408 1.098574e-03 5.767257e-03 1.521823e-04 1.377884e-03
409 1.093536e-03 5.409312e-03 1.521815e-04 1.366559e-03
410 1.088953e-03 5.066394e-03 1.521808e-04 1.356395e-03
411 1.084470e-03 4.745387e-03 1.521801e-04 1.346956e-03
412 1.079737e-03 4.449355e-03 1.521795e-04 1.337854e-03
413 1.074582e-03 4.178679e-03 1.521788e-04 1.328879e-03
414 1.068692e-03 3.999219e-03 1.521782e-04 1.319795e-03
415 1.062131e-03 3.875589e-03 1.521776e-04 1.310642e-03
416 1.055473e-03 3.756123e-03 1.521771e-04 1.301678e-03
417 1.048753e-03 3.640918e-03 1.521765e-04 1.292917e-03
418 1.042036e-03 3.530601e-03 1.521760e-04 1.284407e-03
419 1.035457e-03 3.425538e-03 1.521755e-04 1.276208e-03
420 1.028890e-03 3.325635e-03 1.521750e-04 1.268233e-03
421 1.022358e-03 3.230750e-03 1.521745e-04 1.260498e-03
422 1.015930e-03 3.187444e-03 1.521740e-04 1.253041e-03
423 1.009580e-03 3.185056e-03 1.521735e-04 1.245853e-03
424 1.003645e-03 3.182532e-03 1.521730e-04 1.239107e-03
425 9.978267e-04 3.183726e-03 1.521725e-04 1.232631e-03
426 9.922232e-04 3.193307e-03 1.521721e-04 1.226487e-03
427 9.868515e-04 3.202956e-03 1.521716e-04 1.220670e-03
428 9.826534e-04 3.211901e-03 1.521711e-04 1.216017e-03
429 9.784694e-04 3.221137e-03 1.521707e-04 1.211523e-03
430 9.738107e-04 3.230928e-03 1.521702e-04 1.206754e-03
431 9.688165e-04 3.241116e-03 1.521697e-04 1.201822e-03
432 9.647808e-04 3.250605e-03 1.521693e-04 1.197849e-03
433 9.590597e-04 3.261542e-03 1.521688e-04 1.192598e-03
434 9.506945e-04 3.274945e-03 1.521683e-04 1.185249e-03
435 9.425599e-04 3.288501e-03 1.521679e-04 1.178182e-03
436 9.351067e-04 3.301730e-03 1.521674e-04 1.171723e-03
437 9.283099e-04 3.314592e-03 1.521670e-04 1.165837e-03
438 9.223142e-04 3.326912e-03 1.521665e-04 1.160629e-03
439 9.170839e-04 3.338523e-03 1.521661e-04 1.156051e-03
440 9.122853e-04 3.349709e-03 1.521656e-04 1.151856e-03
441 9.078038e-04 3.360655e-03 1.521652e-04 1.147952e-03
442 9.035872e-04 3.371441e-03 1.521647e-04 1.144312e-03
443 8.995617e-04 3.382147e-03 1.521643e-04 1.140884e-03
444 8.956891e-04 3.392781e-03 1.521639e-04 1.137644e-03
445 8.919427e-04 3.403380e-03 1.521634e-04 1.134574e-03
446 8.882996e-04 3.414011e-03 1.521630e-04 1.131656e-03
447 8.847449e-04 3.424679e-03 1.521626e-04 1.128885e-03
448 8.812694e-04 3.437386e-03 1.521622e-04 1.126251e-03
449 8.778723e-04 3.450212e-03 1.521617e-04 1.123757e-03
450 8.745827e-04 3.462808e-03 1.521613e-04 1.121424e-03
451 8.713697e-04 3.475420e-03 1.521609e-04 1.119227e-03
452 8.682357e-04 3.488039e-03 1.521605e-04 1.117161e-03
453 8.651762e-04 3.500713e-03 1.521601e-04 1.115218e-03
454 8.621885e-04 3.513348e-03 1.521597e-04 1.113394e-03
455 8.592679e-04 3.526036e-03 1.521592e-04 1.111681e-03
456 8.564240e-04 3.538762e-03 1.521588e-04 1.110078e-03
457 8.536512e-04 3.551586e-03 1.521584e-04 1.108579e-03
458 8.509564e-04 3.564424e-03 1.521580e-04 1.107182e-03
459 8.483351e-04 3.577270e-03 1.521576e-04 1.105882e-03
460 8.457953e-04 3.590097e-03 1.521572e-04 1.104680e-03
461 8.432920e-04 3.602940e-03 1.521568e-04 1.103550e-03
462 8.407757e-04 3.615710e-03 1.521564e-04 1.102476e-03
463 8.382007e-04 3.628367e-03 1.521560e-04 1.101433e-03
464 8.355258e-04 3.640915e-03 1.521556e-04 1.100393e-03
465 8.328829e-04 3.653550e-03 1.521552e-04 1.099382e-03
466 8.305518e-04 3.666536e-03 1.521547e-04 1.098502e-03
467 8.285862e-04 3.679618e-03 1.521543e-04 1.097854e-03
468 8.268403e-04 3.692450e-03 1.521539e-04 1.097409e-03
469 8.252221e-04 3.705087e-03 1.521535e-04 1.097094e-03
470 8.236768e-04 3.717692e-03 1.521531e-04 1.096862e-03
471 8.221899e-04 3.730288e-03 1.521527e-04 1.096697e-03
472 8.207763e-04 3.742865e-03 1.521523e-04 1.096605e-03
473 8.194268e-04 3.755257e-03 1.521519e-04 1.096571e-03
474 8.181684e-04 3.767619e-03 1.521514e-04 1.096620e-03
475 8.170262e-04 3.779908e-03 1.521510e-04 1.096762e-03
476 8.159925e-04 3.792179e-03 1.521506e-04 1.096995e-03
477 8.150761e-04 3.804432e-03 1.521501e-04 1.097323e-03
478 8.142917e-04 3.816668e-03 1.521497e-04 1.097756e-03
479 8.136266e-04 3.828784e-03 1.521492e-04 1.098282e-03
480 8.130670e-04 3.840710e-03 1.521488e-04 1.098894e-03
481 8.126196e-04 3.852539e-03 1.521483e-04 1.099600e-03
482 8.122923e-04 3.864271e-03 1.521478e-04 1.100402e-03
483 8.120672e-04 3.875932e-03 1.521473e-04 1.101290e-03
484 8.119484e-04 3.887510e-03 1.521468e-04 1.102267e-03
485 8.119146e-04 3.899032e-03 1.521463e-04 1.103309e-03
486 8.119825e-04 3.910448e-03 1.521458e-04 1.104434e-03
487 8.121189e-04 3.921742e-03 1.521453e-04 1.105610e-03
488 8.123084e-04 3.932912e-03 1.521447e-04 1.106822e-03
489 8.125325e-04 3.943951e-03 1.521442e-04 1.108052e-03
490 8.127680e-04 3.954967e-03 1.521437e-04 1.109274e-03
491 8.129960e-04 3.965840e-03 1.521431e-04 1.110472e-03
492 8.131988e-04 3.976548e-03 1.521426e-04 1.111623e-03
493 8.133617e-04 3.987064e-03 1.521420e-04 1.112706e-03
494 8.134643e-04 3.997360e-03 1.521415e-04 1.113697e-03
495 8.134877e-04 4.007424e-03 1.521409e-04 1.114575e-03
496 8.134309e-04 4.017235e-03 1.521404e-04 1.115327e-03
497 8.132938e-04 4.026768e-03 1.521399e-04 1.115943e-03
498 8.130516e-04 4.036030e-03 1.521393e-04 1.116415e-03
499 8.127198e-04 4.044965e-03 1.521388e-04 1.116743e-03
500 8.123103e-04 4.053625e-03 1.521383e-04 1.116939e-03
501 8.118307e-04 4.061965e-03 1.521378e-04 1.117003e-03
502 8.113013e-04 4.070033e-03 1.521373e-04 1.116946e-03
503 8.107204e-04 4.077720e-03 1.521369e-04 1.116767e-03
504 8.100799e-04 4.084993e-03 1.521364e-04 1.116465e-03
505 8.093991e-04 4.091947e-03 1.521359e-04 1.116055e-03
506 8.086862e-04 4.098560e-03 1.521355e-04 1.115544e-03
507 8.079458e-04 4.104843e-03 1.521350e-04 1.114938e-03
508 8.071833e-04 4.110799e-03 1.521346e-04 1.114244e-03
509 8.064015e-04 4.116435e-03 1.521342e-04 1.113466e-03
510 8.055945e-04 4.121739e-03 1.521337e-04 1.112603e-03
511 8.047751e-04 4.126714e-03 1.521333e-04 1.111665e-03
512 8.039282e-04 4.131326e-03 1.521329e-04 1.110646e-03
513 8.030425e-04 4.135499e-03 1.521324e-04 1.109536e-03
514 8.021402e-04 4.139349e-03 1.521320e-04 1.108354e-03
515 8.012125e-04 4.142830e-03 1.521316e-04 1.107102e-03
516 8.002647e-04 4.146009e-03 1.521312e-04 1.105790e-03
517 7.992944e-04 4.148835e-03 1.521308e-04 1.104411e-03
518 7.983040e-04 4.151305e-03 1.521304e-04 1.102968e-03
519 7.972661e-04 4.153315e-03 1.521300e-04 1.101446e-03
520 7.962094e-04 4.154996e-03 1.521295e-04 1.099861e-03
521 7.951444e-04 4.156358e-03 1.521291e-04 1.098224e-03
522 7.940433e-04 4.157393e-03 1.521287e-04 1.096523e-03
523 7.928983e-04 4.157947e-03 1.521283e-04 1.094742e-03
524 7.917189e-04 4.158125e-03 1.521279e-04 1.092897e-03
525 7.905031e-04 4.157891e-03 1.521275e-04 1.090985e-03
526 7.892849e-04 4.157434e-03 1.521272e-04 1.089029e-03
527 7.880590e-04 4.156682e-03 1.521268e-04 1.087024e-03
528 7.867994e-04 4.155513e-03 1.521264e-04 1.084954e-03
529 7.855042e-04 4.153956e-03 1.521260e-04 1.082819e-03
530 7.841758e-04 4.152006e-03 1.521256e-04 1.080621e-03
531 7.828167e-04 4.149694e-03 1.521252e-04 1.078368e-03
532 7.814386e-04 4.147092e-03 1.521248e-04 1.076070e-03
533 7.800115e-04 4.144023e-03 1.521244e-04 1.073698e-03
534 7.785365e-04 4.140451e-03 1.521241e-04 1.071247e-03
535 7.770345e-04 4.136540e-03 1.521237e-04 1.068746e-03
536 7.755062e-04 4.132284e-03 1.521233e-04 1.066192e-03
537 7.739919e-04 4.127858e-03 1.521229e-04 1.063610e-03
538 7.724613e-04 4.123099e-03 1.521226e-04 1.060981e-03
539 7.709010e-04 4.117943e-03 1.521222e-04 1.058292e-03
540 7.693214e-04 4.112464e-03 1.521218e-04 1.055559e-03
541 7.677206e-04 4.106634e-03 1.521215e-04 1.052778e-03
542 7.661029e-04 4.100538e-03 1.521211e-04 1.049954e-03
543 7.644743e-04 4.094209e-03 1.521207e-04 1.047092e-03
544 7.628265e-04 4.087495e-03 1.521204e-04 1.044184e-03
545 7.610906e-04 4.080123e-03 1.521200e-04 1.041181e-03
546 7.593154e-04 4.072377e-03 1.521197e-04 1.038128e-03
547 7.574901e-04 4.064215e-03 1.521193e-04 1.035016e-03
548 7.556267e-04 4.055667e-03 1.521190e-04 1.031854e-03
549 7.537391e-04 4.046809e-03 1.521186e-04 1.028655e-03
550 7.518344e-04 4.037672e-03 1.521183e-04 1.025423e-03
551 7.499100e-04 4.028242e-03 1.521179e-04 1.022155e-03
552 7.479848e-04 4.018595e-03 1.521176e-04 1.018868e-03
553 7.460440e-04 4.008630e-03 1.521172e-04 1.015547e-03
554 7.440716e-04 3.998290e-03 1.521169e-04 1.012180e-03
555 7.420817e-04 3.987665e-03 1.521166e-04 1.008784e-03
556 7.400827e-04 3.976782e-03 1.521162e-04 1.005366e-03
557 7.379965e-04 3.965312e-03 1.521159e-04 1.001860e-03
558 7.359268e-04 3.953657e-03 1.521156e-04 9.983525e-04
559 7.340101e-04 3.942415e-03 1.521153e-04 9.949585e-04
560 7.322124e-04 3.931275e-03 1.521149e-04 9.916363e-04
1 1.000442e-01 5.399121e-01 1.535957e-04 1.282987e-01
2 7.119773e-02 3.688366e-01 1.533674e-04 9.181714e-02
3 5.498139e-02 2.704216e-01 1.531912e-04 7.070516e-02
4 4.799742e-02 2.239429e-01 1.530423e-04 6.117167e-02
5 4.338612e-02 1.903331e-01 1.529119e-04 5.476526e-02
6 3.993977e-02 1.731968e-01 1.527959e-04 4.995581e-02
7 3.626009e-02 1.452218e-01 1.526912e-04 4.410121e-02
8 3.419794e-02 1.335354e-01 1.525957e-04 4.131260e-02
9 3.219011e-02 1.232067e-01 1.525086e-04 3.866502e-02
10 3.058002e-02 1.146468e-01 1.524283e-04 3.651525e-02
11 2.915685e-02 1.072899e-01 1.523539e-04 3.463158e-02
12 2.788487e-02 1.006668e-01 1.522845e-04 3.295357e-02
13 2.677202e-02 9.473489e-02 1.522194e-04 3.148441e-02
14 2.573923e-02 8.937388e-02 1.521583e-04 3.013281e-02
15 2.469043e-02 8.432910e-02 1.521014e-04 2.879677e-02
16 2.374020e-02 7.971527e-02 1.520481e-04 2.758445e-02
17 2.286230e-02 7.542849e-02 1.519981e-04 2.646882e-02
18 2.204185e-02 7.141541e-02 1.519510e-04 2.543185e-02
19 2.126884e-02 6.763708e-02 1.519067e-04 2.446105e-02
20 2.053916e-02 6.411350e-02 1.518648e-04 2.355204e-02
21 1.984668e-02 6.083420e-02 1.518253e-04 2.269535e-02
22 1.919032e-02 5.778862e-02 1.517878e-04 2.188761e-02
23 1.855120e-02 5.490537e-02 1.517524e-04 2.110764e-02
24 1.793364e-02 5.216274e-02 1.517188e-04 2.035765e-02
25 1.734873e-02 4.953727e-02 1.516869e-04 1.964748e-02
26 1.680048e-02 4.702718e-02 1.516564e-04 1.898158e-02
27 1.640204e-02 4.486000e-02 1.516262e-04 1.848582e-02
28 1.588894e-02 4.234743e-02 1.515980e-04 1.785318e-02
29 1.531136e-02 4.054830e-02 1.515713e-04 1.717506e-02
30 1.485545e-02 3.938447e-02 1.515458e-04 1.662716e-02
31 1.439513e-02 3.823841e-02 1.515213e-04 1.608163e-02
32 1.400419e-02 3.726078e-02 1.514972e-04 1.561825e-02
33 1.356841e-02 3.602911e-02 1.514748e-04 1.511771e-02
34 1.314063e-02 3.488123e-02 1.514536e-04 1.462512e-02
35 1.276015e-02 3.385101e-02 1.514334e-04 1.418611e-02
36 1.241549e-02 3.290202e-02 1.514143e-04 1.378816e-02
37 1.207590e-02 3.198049e-02 1.513961e-04 1.339785e-02
38 1.174196e-02 3.108209e-02 1.513788e-04 1.301578e-02
39 1.141899e-02 3.021357e-02 1.513623e-04 1.264788e-02
40 1.110621e-02 2.937144e-02 1.513465e-04 1.229282e-02
41 1.080330e-02 2.855329e-02 1.513314e-04 1.194988e-02
42 1.051008e-02 2.775842e-02 1.513170e-04 1.161879e-02
43 1.022627e-02 2.698597e-02 1.513032e-04 1.129911e-02
44 9.951103e-03 2.623443e-02 1.512901e-04 1.098987e-02
45 9.684540e-03 2.550416e-02 1.512775e-04 1.069093e-02
46 9.426746e-03 2.479536e-02 1.512655e-04 1.040247e-02
47 9.177202e-03 2.410636e-02 1.512540e-04 1.012374e-02
48 8.935534e-03 2.343572e-02 1.512430e-04 9.854238e-03
49 8.701246e-03 2.278191e-02 1.512325e-04 9.593363e-03
50 8.474394e-03 2.214555e-02 1.512225e-04 9.341158e-03
51 8.254917e-03 2.152766e-02 1.512129e-04 9.097597e-03
52 8.042890e-03 2.092768e-02 1.512036e-04 8.862532e-03
53 7.837462e-03 2.034561e-02 1.511948e-04 8.635095e-03
54 7.638777e-03 1.978152e-02 1.511863e-04 8.415484e-03
55 7.446567e-03 1.923486e-02 1.511782e-04 8.203312e-03
56 7.260252e-03 1.870355e-02 1.511705e-04 7.997806e-03
57 7.079168e-03 1.818727e-02 1.511630e-04 7.798328e-03
58 6.903033e-03 1.768561e-02 1.511558e-04 7.604476e-03
59 6.732160e-03 1.719870e-02 1.511490e-04 7.416618e-03
60 6.566095e-03 1.672767e-02 1.511423e-04 7.234119e-03
61 6.404819e-03 1.627258e-02 1.511360e-04 7.056925e-03
62 6.249061e-03 1.582724e-02 1.511299e-04 6.886031e-03
63 6.098241e-03 1.539097e-02 1.511240e-04 6.720773e-03
64 5.952570e-03 1.496689e-02 1.511183e-04 6.561415e-03
65 5.811563e-03 1.455531e-02 1.511129e-04 6.407368e-03
66 5.672468e-03 1.415467e-02 1.511076e-04 6.255902e-03
67 5.535804e-03 1.376455e-02 1.511026e-04 6.107434e-03
68 5.403579e-03 1.338553e-02 1.510977e-04 5.963759e-03
69 5.274914e-03 1.301731e-02 1.510930e-04 5.824041e-03
70 5.147775e-03 1.265671e-02 1.510885e-04 5.686307e-03
71 5.024752e-03 1.230642e-02 1.510842e-04 5.552981e-03
72 4.905751e-03 1.196627e-02 1.510800e-04 5.424021e-03
73 4.790193e-03 1.163478e-02 1.510760e-04 5.298767e-03
74 4.678018e-03 1.131080e-02 1.510721e-04 5.177075e-03
75 4.569611e-03 1.099532e-02 1.510683e-04 5.059340e-03
76 4.464795e-03 1.068682e-02 1.510647e-04 4.945398e-03
77 4.363651e-03 1.038648e-02 1.510612e-04 4.835331e-03
78 4.265825e-03 1.009403e-02 1.510578e-04 4.728788e-03
79 4.171285e-03 9.809400e-03 1.510545e-04 4.625744e-03
80 4.079789e-03 9.532326e-03 1.510513e-04 4.525965e-03
81 3.991383e-03 9.262823e-03 1.510483e-04 4.429476e-03
82 3.905944e-03 9.000639e-03 1.510453e-04 4.336153e-03
83 3.823179e-03 8.745568e-03 1.510424e-04 4.245699e-03
84 3.743068e-03 8.497669e-03 1.510397e-04 4.158094e-03
85 3.665626e-03 8.258011e-03 1.510370e-04 4.073349e-03
86 3.590908e-03 8.025295e-03 1.510343e-04 3.991473e-03
87 3.518305e-03 7.798750e-03 1.510318e-04 3.911938e-03
88 3.448629e-03 7.579036e-03 1.510293e-04 3.835416e-03
89 3.382558e-03 7.364923e-03 1.510270e-04 3.762405e-03
90 3.318286e-03 7.157605e-03 1.510246e-04 3.691555e-03
91 3.256967e-03 6.957219e-03 1.510224e-04 3.623819e-03
92 3.196660e-03 6.773435e-03 1.510202e-04 3.557555e-03
93 3.137115e-03 6.661164e-03 1.510180e-04 3.492438e-03
94 3.079562e-03 6.552007e-03 1.510159e-04 3.429542e-03
95 3.024216e-03 6.444250e-03 1.510139e-04 3.369129e-03
96 2.975514e-03 6.340368e-03 1.510118e-04 3.314545e-03
97 3.015980e-03 7.654793e-03 1.510083e-04 3.330094e-03
98 2.977935e-03 6.355798e-03 1.510062e-04 3.285662e-03
99 2.922105e-03 6.254166e-03 1.510040e-04 3.228359e-03
100 2.868399e-03 6.140398e-03 1.510019e-04 3.169666e-03
101 2.810510e-03 6.030181e-03 1.509999e-04 3.108831e-03
102 2.752030e-03 5.914960e-03 1.509981e-04 3.047711e-03
103 2.695375e-03 5.797769e-03 1.509963e-04 2.988222e-03
104 2.640799e-03 5.682099e-03 1.509946e-04 2.930687e-03
105 2.588326e-03 5.568919e-03 1.509930e-04 2.875167e-03
106 2.537632e-03 5.458403e-03 1.509914e-04 2.821407e-03
107 2.488643e-03 5.350844e-03 1.509898e-04 2.769362e-03
108 2.441317e-03 5.245986e-03 1.509883e-04 2.718970e-03
109 2.395641e-03 5.143936e-03 1.509868e-04 2.670230e-03
110 2.351443e-03 5.044708e-03 1.509854e-04 2.622981e-03
111 2.308858e-03 4.948369e-03 1.509840e-04 2.577350e-03
112 2.267740e-03 4.854958e-03 1.509826e-04 2.533218e-03
113 2.227928e-03 4.764137e-03 1.509813e-04 2.490448e-03
114 2.189275e-03 4.675702e-03 1.509800e-04 2.448921e-03
115 2.151792e-03 4.589594e-03 1.509788e-04 2.408642e-03
116 2.115169e-03 4.505410e-03 1.509775e-04 2.369303e-03
117 2.079434e-03 4.423240e-03 1.509763e-04 2.330976e-03
118 2.044748e-03 4.343498e-03 1.509752e-04 2.293928e-03
119 2.011429e-03 4.266529e-03 1.509740e-04 2.258635e-03
120 1.980490e-03 4.220746e-03 1.509728e-04 2.226715e-03
121 1.955861e-03 4.173324e-03 1.509716e-04 2.203532e-03
122 1.937146e-03 4.121010e-03 1.509704e-04 2.187920e-03
123 1.904235e-03 4.076048e-03 1.509691e-04 2.152984e-03
124 1.865862e-03 4.038373e-03 1.509680e-04 2.110016e-03
125 1.830230e-03 4.006151e-03 1.509668e-04 2.069642e-03
126 1.798068e-03 3.978015e-03 1.509658e-04 2.033215e-03
127 1.768991e-03 3.951824e-03 1.509647e-04 2.000493e-03
128 1.742571e-03 3.926310e-03 1.509637e-04 1.970858e-03
129 1.718207e-03 3.900063e-03 1.509626e-04 1.943514e-03
130 1.694997e-03 3.871561e-03 1.509616e-04 1.917467e-03
131 1.667097e-03 3.841226e-03 1.509604e-04 1.887514e-03
132 1.639314e-03 3.829773e-03 1.509593e-04 1.857411e-03
133 1.616988e-03 3.817442e-03 1.509583e-04 1.832530e-03
134 1.596301e-03 3.796378e-03 1.509573e-04 1.809639e-03
135 1.576444e-03 3.770048e-03 1.509564e-04 1.787945e-03
136 1.556926e-03 3.741839e-03 1.509555e-04 1.766973e-03
137 1.537597e-03 3.712900e-03 1.509546e-04 1.746413e-03
138 1.518493e-03 3.683877e-03 1.509537e-04 1.726221e-03
139 1.499762e-03 3.655196e-03 1.509528e-04 1.706511e-03
140 1.481339e-03 3.626989e-03 1.509519e-04 1.687278e-03
141 1.463214e-03 3.599749e-03 1.509510e-04 1.668414e-03
142 1.445529e-03 3.573429e-03 1.509502e-04 1.650117e-03
143 1.428389e-03 3.548085e-03 1.509493e-04 1.632488e-03
144 1.411738e-03 3.524689e-03 1.509484e-04 1.615630e-03
145 1.396367e-03 3.507457e-03 1.509475e-04 1.600454e-03
146 1.378395e-03 3.480675e-03 1.509465e-04 1.582286e-03
147 1.361500e-03 3.455600e-03 1.509456e-04 1.565626e-03
148 1.345344e-03 3.432342e-03 1.509447e-04 1.549832e-03
149 1.329811e-03 3.410176e-03 1.509438e-04 1.534710e-03
150 1.314978e-03 3.388720e-03 1.509428e-04 1.520287e-03
151 1.300574e-03 3.367712e-03 1.509419e-04 1.506267e-03
152 1.286567e-03 3.346492e-03 1.509408e-04 1.492587e-03
153 1.272916e-03 3.325737e-03 1.509398e-04 1.479286e-03
154 1.259635e-03 3.305210e-03 1.509387e-04 1.466378e-03
155 1.247052e-03 3.284451e-03 1.509376e-04 1.454127e-03
156 1.235054e-03 3.263921e-03 1.509364e-04 1.442447e-03
157 1.223511e-03 3.243176e-03 1.509351e-04 1.431174e-03
158 1.212531e-03 3.221817e-03 1.509338e-04 1.420439e-03
159 1.202110e-03 3.264021e-03 1.509323e-04 1.410243e-03
160 1.192337e-03 3.504597e-03 1.509308e-04 1.400661e-03
161 1.182790e-03 3.754957e-03 1.509291e-04 1.391315e-03
162 1.172965e-03 3.999922e-03 1.509273e-04 1.381746e-03
163 1.162922e-03 4.215729e-03 1.509254e-04 1.371928e-03
164 1.153244e-03 4.353882e-03 1.509234e-04 1.361924e-03
165 1.143460e-03 4.523450e-03 1.509213e-04 1.351397e-03
166 1.133111e-03 4.716603e-03 1.509194e-04 1.339814e-03
167 1.125328e-03 4.802803e-03 1.509176e-04 1.332505e-03
168 1.119230e-03 4.793175e-03 1.509158e-04 1.328056e-03
169 1.113658e-03 4.743616e-03 1.509142e-04 1.323190e-03
170 1.108766e-03 4.654236e-03 1.509126e-04 1.318393e-03
171 1.103303e-03 4.515819e-03 1.509112e-04 1.312638e-03
172 1.096441e-03 4.352732e-03 1.509098e-04 1.305581e-03
173 1.088204e-03 4.181994e-03 1.509085e-04 1.297234e-03
174 1.079315e-03 4.006528e-03 1.509072e-04 1.288112e-03
175 1.071722e-03 3.837211e-03 1.509060e-04 1.280064e-03
176 1.064543e-03 3.670018e-03 1.509049e-04 1.272048e-03
177 1.056572e-03 3.529552e-03 1.509038e-04 1.262992e-03
178 1.048824e-03 3.397917e-03 1.509028e-04 1.253776e-03
179 1.040918e-03 3.274211e-03 1.509018e-04 1.244236e-03
180 1.032902e-03 3.157126e-03 1.509008e-04 1.234489e-03
181 1.024919e-03 3.047012e-03 1.508999e-04 1.224677e-03
182 1.016693e-03 2.943441e-03 1.508990e-04 1.214731e-03
183 1.008444e-03 2.844951e-03 1.508982e-04 1.204775e-03
184 1.000174e-03 2.750298e-03 1.508973e-04 1.194856e-03
185 9.919423e-04 2.659386e-03 1.508965e-04 1.184985e-03
186 9.837511e-04 2.582000e-03 1.508957e-04 1.175182e-03
187 9.755481e-04 2.561469e-03 1.508949e-04 1.165409e-03
188 9.673108e-04 2.541479e-03 1.508942e-04 1.155656e-03
189 9.590540e-04 2.521891e-03 1.508935e-04 1.145944e-03
190 9.507322e-04 2.502628e-03 1.508928e-04 1.136237e-03
191 9.423804e-04 2.483682e-03 1.508921e-04 1.126557e-03
192 9.339866e-04 2.465014e-03 1.508914e-04 1.116899e-03
193 9.255275e-04 2.446579e-03 1.508908e-04 1.107243e-03
194 9.170605e-04 2.428502e-03 1.508902e-04 1.097662e-03
195 9.085260e-04 2.410526e-03 1.508896e-04 1.088075e-03
196 8.999307e-04 2.392637e-03 1.508890e-04 1.078494e-03
197 8.912792e-04 2.374924e-03 1.508885e-04 1.068929e-03
198 8.826014e-04 2.357371e-03 1.508880e-04 1.059412e-03
199 8.739223e-04 2.339924e-03 1.508875e-04 1.049960e-03
200 8.654235e-04 2.322267e-03 1.508870e-04 1.040715e-03
201 8.569280e-04 2.305122e-03 1.508865e-04 1.031588e-03
202 8.484184e-04 2.288307e-03 1.508861e-04 1.022524e-03
203 8.399206e-04 2.271637e-03 1.508857e-04 1.013515e-03
204 8.314583e-04 2.255122e-03 1.508853e-04 1.004578e-03
205 8.230355e-04 2.238753e-03 1.508849e-04 9.957120e-04
206 8.146465e-04 2.222421e-03 1.508845e-04 9.868994e-04
207 8.062719e-04 2.206071e-03 1.508841e-04 9.780923e-04
1 7.537737e-02 2.386817e-01 1.507887e-04 8.921912e-02
2 5.121363e-02 1.714313e-01 1.506592e-04 6.069851e-02
3 4.379214e-02 1.493408e-01 1.505535e-04 5.191294e-02
4 3.831287e-02 1.284684e-01 1.504632e-04 4.493399e-02
5 3.503874e-02 1.171482e-01 1.503840e-04 4.101467e-02
6 3.239329e-02 1.080421e-01 1.503135e-04 3.785934e-02
7 3.030236e-02 1.009427e-01 1.502496e-04 3.537439e-02
8 2.822215e-02 9.310705e-02 1.501921e-04 3.281107e-02
9 2.636050e-02 8.580508e-02 1.501402e-04 3.055468e-02
10 2.479335e-02 7.969792e-02 1.500929e-04 2.868056e-02
11 2.340398e-02 7.428646e-02 1.500495e-04 2.701061e-02
12 2.212781e-02 6.935621e-02 1.500096e-04 2.548670e-02
13 2.096365e-02 6.493524e-02 1.499729e-04 2.409402e-02
14 1.983935e-02 6.086415e-02 1.499390e-04 2.275644e-02
15 1.895049e-02 5.755433e-02 1.499075e-04 2.169200e-02
16 1.816581e-02 5.459757e-02 1.498782e-04 2.073799e-02
17 1.745210e-02 5.181042e-02 1.498508e-04 1.984459e-02
18 1.682554e-02 4.933700e-02 1.498251e-04 1.906295e-02
19 1.613861e-02 4.675882e-02 1.498010e-04 1.823310e-02
20 1.537217e-02 4.403304e-02 1.497786e-04 1.733816e-02
21 1.457110e-02 4.132378e-02 1.497577e-04 1.642478e-02
22 1.384884e-02 3.894803e-02 1.497383e-04 1.561729e-02
23 1.319899e-02 3.685587e-02 1.497201e-04 1.490174e-02
24 1.264713e-02 3.507196e-02 1.497027e-04 1.430130e-02
25 1.217133e-02 3.348653e-02 1.496862e-04 1.375984e-02
26 1.166859e-02 3.193085e-02 1.496706e-04 1.319048e-02
27 1.108746e-02 3.022361e-02 1.496550e-04 1.253407e-02
28 1.051249e-02 2.803158e-02 1.496341e-04 1.183877e-02
29 1.008187e-02 2.668891e-02 1.496168e-04 1.134942e-02
30 9.703038e-03 2.571618e-02 1.496027e-04 1.093423e-02
31 9.365282e-03 2.465928e-02 1.495899e-04 1.054847e-02
32 9.045001e-03 2.362883e-02 1.495777e-04 1.019630e-02
33 8.765537e-03 2.271417e-02 1.495665e-04 9.852078e-03
34 8.460841e-03 2.183165e-02 1.495562e-04 9.500673e-03
35 8.192031e-03 2.101120e-02 1.495466e-04 9.176676e-03
36 7.901336e-03 2.018642e-02 1.495376e-04 8.839617e-03
37 7.641862e-03 1.943423e-02 1.495288e-04 8.536671e-03
38 7.468082e-03 1.883097e-02 1.495231e-04 8.317454e-03
39 7.294004e-03 1.848431e-02 1.495151e-04 8.144168e-03
40 7.104628e-03 1.799307e-02 1.495077e-04 7.928540e-03
41 6.866006e-03 1.739335e-02 1.495009e-04 7.653256e-03
