1 1.307867e-02 2.993589e-02 4.060724e+00 1.428479e-02
2 9.436402e-03 1.118764e-02 2.990850e+00 9.535741e-03
3 6.046644e-03 8.048413e-03 2.568175e+00 6.112825e-03
4 1.867568e-03 3.677738e-03 2.335167e+00 2.041283e-03
5 2.654325e-03 4.304760e-03 2.190740e+00 2.951200e-03
6 2.520138e-03 4.373839e-03 2.092002e+00 2.873720e-03
7 2.264756e-03 4.273599e-03 2.022394e+00 2.611925e-03
8 1.921663e-03 3.696766e-03 1.972517e+00 2.232699e-03
9 1.619394e-03 3.223841e-03 1.936668e+00 1.893561e-03
10 1.379909e-03 2.994959e-03 1.911028e+00 1.625252e-03
11 1.191642e-03 2.756024e-03 1.892555e+00 1.416016e-03
12 1.051510e-03 2.709796e-03 1.878789e+00 1.257503e-03
13 9.380233e-04 2.726457e-03 1.867961e+00 1.137139e-03
14 8.572850e-04 2.729081e-03 1.858838e+00 1.053368e-03
15 7.995707e-04 2.726292e-03 1.844269e+00 9.917556e-04
16 7.532511e-04 2.679542e-03 1.836171e+00 9.434494e-04
17 7.186468e-04 2.625453e-03 1.829282e+00 9.050620e-04
18 6.927741e-04 2.558289e-03 1.823046e+00 8.755150e-04
19 6.701289e-04 2.501391e-03 1.817254e+00 8.532258e-04
20 6.493685e-04 2.438239e-03 1.811753e+00 8.333834e-04
21 6.327835e-04 2.363245e-03 1.806449e+00 8.168828e-04
22 6.185606e-04 2.256530e-03 1.801322e+00 7.969776e-04
23 6.024861e-04 2.172878e-03 1.796422e+00 7.815435e-04
24 5.844674e-04 2.088833e-03 1.791828e+00 7.623842e-04
25 5.712362e-04 1.987152e-03 1.787508e+00 7.433613e-04
26 5.624422e-04 1.897312e-03 1.778564e+00 7.309407e-04
27 5.515366e-04 1.782821e-03 1.773913e+00 7.115212e-04
28 5.364897e-04 1.743018e-03 1.770166e+00 6.963226e-04
29 5.245910e-04 1.757084e-03 1.766791e+00 6.865673e-04
30 5.160271e-04 1.759392e-03 1.763675e+00 6.742483e-04
31 5.060482e-04 1.742751e-03 1.760762e+00 6.623171e-04
32 4.976165e-04 1.717173e-03 1.758016e+00 6.478428e-04
33 4.904585e-04 1.695187e-03 1.755417e+00 6.351441e-04
34 4.825104e-04 1.693553e-03 1.752952e+00 6.268469e-04
35 4.724763e-04 1.645154e-03 1.750601e+00 6.157865e-04
36 4.672020e-04 1.670497e-03 1.748343e+00 6.102605e-04
37 4.614579e-04 1.654432e-03 1.746153e+00 6.014488e-04
38 4.536661e-04 1.616886e-03 1.744013e+00 5.920557e-04
39 4.502759e-04 1.618279e-03 1.741918e+00 5.858469e-04
40 4.457081e-04 1.608780e-03 1.739867e+00 5.764184e-04
41 4.376246e-04 1.605263e-03 1.737841e+00 5.695691e-04
42 4.354519e-04 1.589881e-03 1.735811e+00 5.631812e-04
43 4.349659e-04 1.568556e-03 1.733756e+00 5.630198e-04
44 4.282432e-04 1.586384e-03 1.731689e+00 5.532905e-04
45 4.297584e-04 1.554286e-03 1.729643e+00 5.524574e-04
46 4.237438e-04 1.537173e-03 1.727621e+00 5.427815e-04
47 4.179823e-04 1.538352e-03 1.725618e+00 5.367973e-04
48 4.142235e-04 1.528544e-03 1.723669e+00 5.300419e-04
49 4.110551e-04 1.523749e-03 1.721832e+00 5.276538e-04
50 4.076617e-04 1.494333e-03 1.720123e+00 5.220247e-04
51 4.045647e-04 1.491952e-03 1.718516e+00 5.151518e-04
52 3.992315e-04 1.479569e-03 1.716980e+00 5.096648e-04
53 3.966386e-04 1.468513e-03 1.715494e+00 5.053047e-04
54 3.946119e-04 1.447308e-03 1.714048e+00 5.017473e-04
55 3.922083e-04 1.429045e-03 1.712640e+00 4.995850e-04
56 3.880722e-04 1.420067e-03 1.711270e+00 4.906731e-04
57 3.848831e-04 1.405909e-03 1.709933e+00 4.871118e-04
58 3.950361e-04 1.400386e-03 1.702012e+00 4.856293e-04
59 3.937536e-04 1.382609e-03 1.699808e+00 4.874747e-04
60 3.890225e-04 1.358915e-03 1.698246e+00 4.821304e-04
61 3.864536e-04 1.344483e-03 1.696846e+00 4.784685e-04
62 3.843719e-04 1.320959e-03 1.695519e+00 4.712269e-04
63 3.828583e-04 1.304436e-03 1.694229e+00 4.696899e-04
64 3.791897e-04 1.296826e-03 1.692956e+00 4.658394e-04
65 3.777684e-04 1.275948e-03 1.691689e+00 4.630268e-04
66 3.751406e-04 1.270495e-03 1.690430e+00 4.616050e-04
67 3.728163e-04 1.262616e-03 1.689184e+00 4.593930e-04
68 3.709824e-04 1.238989e-03 1.687961e+00 4.545132e-04
69 3.699929e-04 1.225032e-03 1.686766e+00 4.530827e-04
70 3.682112e-04 1.211300e-03 1.685594e+00 4.506371e-04
71 3.742004e-04 1.174114e-03 1.678081e+00 4.448735e-04
72 3.764995e-04 1.175424e-03 1.675980e+00 4.508152e-04
73 3.977466e-04 1.313839e-03 1.667759e+00 4.725758e-04
74 3.865363e-04 1.161495e-03 1.665712e+00 4.607742e-04
75 3.855201e-04 1.145253e-03 1.664321e+00 4.579781e-04
76 3.839561e-04 1.112655e-03 1.663094e+00 4.509507e-04
77 3.800165e-04 1.125526e-03 1.661927e+00 4.516621e-04
78 3.787166e-04 1.122962e-03 1.660779e+00 4.522418e-04
79 3.793165e-04 1.095307e-03 1.659624e+00 4.498599e-04
80 3.916447e-04 1.562040e-03 1.652130e+00 4.619077e-04
81 3.952584e-04 1.079780e-03 1.650125e+00 4.642863e-04
82 3.935128e-04 1.050282e-03 1.648643e+00 4.581051e-04
83 3.930523e-04 1.041097e-03 1.647193e+00 4.579542e-04
84 3.923181e-04 1.041242e-03 1.645726e+00 4.593728e-04
85 3.947367e-04 1.024626e-03 1.644249e+00 4.597152e-04
86 3.944666e-04 1.035783e-03 1.642793e+00 4.599712e-04
87 3.909937e-04 1.048886e-03 1.641384e+00 4.565004e-04
88 3.912404e-04 1.055729e-03 1.640032e+00 4.562591e-04
89 3.871894e-04 1.071702e-03 1.638744e+00 4.549400e-04
90 3.880912e-04 1.070545e-03 1.637526e+00 4.551057e-04
91 3.866110e-04 1.082757e-03 1.636367e+00 4.557318e-04
92 3.842247e-04 1.069384e-03 1.635255e+00 4.495816e-04
93 3.805068e-04 1.072172e-03 1.634180e+00 4.453616e-04
94 3.755606e-04 1.084393e-03 1.633134e+00 4.421554e-04
95 3.754416e-04 1.084118e-03 1.632114e+00 4.420154e-04
96 3.733062e-04 1.075339e-03 1.631120e+00 4.379174e-04
97 3.700935e-04 1.076390e-03 1.630151e+00 4.351092e-04
98 3.690029e-04 1.050180e-03 1.629208e+00 4.287764e-04
99 3.654751e-04 1.057432e-03 1.628290e+00 4.275343e-04
100 3.613082e-04 1.038657e-03 1.627394e+00 4.191982e-04
101 3.575920e-04 1.047868e-03 1.626519e+00 4.190421e-04
102 3.538733e-04 1.033048e-03 1.625661e+00 4.128077e-04
103 3.528823e-04 1.010087e-03 1.624821e+00 4.079999e-04
104 3.475752e-04 1.015760e-03 1.623995e+00 4.051136e-04
105 3.449212e-04 1.007223e-03 1.623183e+00 4.025921e-04
106 3.425176e-04 9.988533e-04 1.622384e+00 4.001668e-04
107 3.402399e-04 9.874353e-04 1.621598e+00 3.972131e-04
108 3.380263e-04 9.724808e-04 1.620824e+00 3.934506e-04
109 3.341178e-04 9.705725e-04 1.620061e+00 3.908202e-04
110 3.326647e-04 9.446277e-04 1.619309e+00 3.861269e-04
111 3.273404e-04 9.423541e-04 1.618569e+00 3.821654e-04
112 3.276756e-04 9.267416e-04 1.617839e+00 3.812606e-04
113 3.233697e-04 9.036980e-04 1.617120e+00 3.741506e-04
114 3.202711e-04 8.855754e-04 1.616411e+00 3.693799e-04
115 3.169610e-04 8.757039e-04 1.615712e+00 3.661701e-04
116 3.156368e-04 8.687773e-04 1.615024e+00 3.657045e-04
117 3.119787e-04 8.533079e-04 1.614345e+00 3.612668e-04
118 3.098036e-04 8.222046e-04 1.613676e+00 3.540033e-04
119 3.056430e-04 8.111676e-04 1.613017e+00 3.512506e-04
120 3.038728e-04 8.001927e-04 1.612368e+00 3.492738e-04
121 3.007533e-04 7.896208e-04 1.611728e+00 3.458853e-04
122 2.987549e-04 7.777345e-04 1.611097e+00 3.428044e-04
123 2.943396e-04 7.793931e-04 1.610476e+00 3.386905e-04
124 2.914245e-04 7.716447e-04 1.609864e+00 3.342816e-04
125 2.900523e-04 7.678372e-04 1.609260e+00 3.326973e-04
126 2.857086e-04 7.596853e-04 1.608665e+00 3.269943e-04
127 2.837605e-04 7.658363e-04 1.608079e+00 3.269066e-04
128 2.813015e-04 7.497527e-04 1.607501e+00 3.205655e-04
129 2.777908e-04 7.512491e-04 1.606932e+00 3.189433e-04
130 2.746368e-04 7.370352e-04 1.606370e+00 3.132820e-04
131 2.730409e-04 7.395191e-04 1.605816e+00 3.134777e-04
132 2.700857e-04 7.287736e-04 1.605270e+00 3.076269e-04
133 2.677091e-04 7.176525e-04 1.604732e+00 3.039627e-04
134 2.627607e-04 7.270908e-04 1.604200e+00 3.025331e-04
135 2.623631e-04 7.146663e-04 1.603675e+00 2.999635e-04
136 2.621194e-04 7.094924e-04 1.603157e+00 2.996666e-04
137 2.577863e-04 7.036784e-04 1.602646e+00 2.948750e-04
138 2.541536e-04 6.903155e-04 1.602140e+00 2.894821e-04
139 2.534918e-04 6.845492e-04 1.601640e+00 2.878723e-04
140 2.486298e-04 6.848739e-04 1.601146e+00 2.848442e-04
141 2.487135e-04 6.708179e-04 1.600656e+00 2.834688e-04
142 2.443758e-04 6.701853e-04 1.600171e+00 2.795907e-04
143 2.447470e-04 6.551773e-04 1.599690e+00 2.779623e-04
144 2.404092e-04 6.461280e-04 1.599212e+00 2.738353e-04
145 2.413343e-04 6.407496e-04 1.598737e+00 2.744473e-04
146 2.364368e-04 6.333448e-04 1.598264e+00 2.698725e-04
147 2.344330e-04 6.223874e-04 1.597793e+00 2.665765e-04
148 2.317766e-04 6.201196e-04 1.597323e+00 2.644024e-04
149 2.302128e-04 6.135410e-04 1.596854e+00 2.634376e-04
150 2.286295e-04 5.932098e-04 1.596387e+00 2.588438e-04
151 2.254962e-04 5.900136e-04 1.595912e+00 2.568332e-04
152 2.428973e-04 1.510239e-03 1.590073e+00 2.685938e-04
153 2.384584e-04 5.914513e-04 1.588690e+00 2.673512e-04
154 2.352015e-04 5.788661e-04 1.587829e+00 2.627422e-04
155 2.336039e-04 5.731536e-04 1.587168e+00 2.597400e-04
156 2.318041e-04 5.632755e-04 1.586606e+00 2.580065e-04
157 2.282597e-04 5.799170e-04 1.586092e+00 2.570909e-04
158 2.283921e-04 5.607385e-04 1.585604e+00 2.549329e-04
159 2.247928e-04 5.814579e-04 1.585134e+00 2.517229e-04
160 2.219510e-04 5.658145e-04 1.584675e+00 2.498379e-04
161 2.198053e-04 5.746362e-04 1.584225e+00 2.466937e-04
162 2.180065e-04 5.572791e-04 1.583782e+00 2.437531e-04
163 2.155771e-04 5.563268e-04 1.583344e+00 2.418812e-04
164 2.138997e-04 5.599649e-04 1.582908e+00 2.414808e-04
165 2.139057e-04 5.410937e-04 1.582474e+00 2.390339e-04
166 2.123289e-04 5.348236e-04 1.582035e+00 2.361283e-04
167 2.139348e-04 5.302752e-04 1.581586e+00 2.368325e-04
168 2.091108e-04 5.402243e-04 1.581111e+00 2.339336e-04
169 2.093534e-04 5.383515e-04 1.580582e+00 2.344503e-04
170 2.087179e-04 5.310902e-04 1.579940e+00 2.323511e-04
171 2.083737e-04 5.324450e-04 1.579131e+00 2.334946e-04
172 2.082719e-04 5.261936e-04 1.578249e+00 2.315432e-04
173 2.073338e-04 5.203043e-04 1.577506e+00 2.291164e-04
174 2.059303e-04 5.304763e-04 1.576896e+00 2.291153e-04
175 2.047113e-04 5.186597e-04 1.576355e+00 2.256632e-04
176 2.030646e-04 5.160786e-04 1.575853e+00 2.229323e-04
177 2.025395e-04 5.182253e-04 1.575380e+00 2.240554e-04
178 2.002158e-04 5.083028e-04 1.574928e+00 2.202987e-04
179 1.999972e-04 4.940876e-04 1.574491e+00 2.171758e-04
180 1.967811e-04 5.002548e-04 1.574069e+00 2.174027e-04
181 1.933875e-04 4.975323e-04 1.573657e+00 2.148625e-04
182 1.923777e-04 4.946987e-04 1.573257e+00 2.133251e-04
183 1.916890e-04 4.831981e-04 1.572865e+00 2.123723e-04
184 1.890944e-04 4.657240e-04 1.572483e+00 2.068289e-04
185 1.882080e-04 4.640339e-04 1.572110e+00 2.075636e-04
186 1.846493e-04 4.556800e-04 1.571746e+00 2.033411e-04
187 1.853915e-04 4.475398e-04 1.571392e+00 2.030162e-04
188 1.805552e-04 4.384235e-04 1.571047e+00 1.991529e-04
189 1.804202e-04 4.273961e-04 1.570711e+00 1.975400e-04
190 1.766829e-04 4.179860e-04 1.570385e+00 1.940423e-04
191 1.749279e-04 4.143789e-04 1.570067e+00 1.917046e-04
192 1.738865e-04 4.108185e-04 1.569757e+00 1.917573e-04
193 1.726672e-04 3.994920e-04 1.569454e+00 1.894503e-04
194 1.693896e-04 3.830870e-04 1.569159e+00 1.854936e-04
195 1.691652e-04 3.790142e-04 1.568870e+00 1.841742e-04
196 1.663273e-04 3.728882e-04 1.568587e+00 1.816527e-04
197 1.650440e-04 3.669010e-04 1.568309e+00 1.800083e-04
198 1.622165e-04 3.660345e-04 1.568037e+00 1.790394e-04
199 1.617692e-04 3.550780e-04 1.567769e+00 1.768132e-04
200 1.596603e-04 3.495258e-04 1.567507e+00 1.760249e-04
201 1.592977e-04 3.422893e-04 1.567248e+00 1.737165e-04
202 1.585003e-04 3.341004e-04 1.566994e+00 1.732799e-04
203 1.571396e-04 3.280477e-04 1.566743e+00 1.705687e-04
204 1.567290e-04 3.203076e-04 1.566496e+00 1.698484e-04
205 1.540613e-04 3.160283e-04 1.566252e+00 1.677160e-04
206 1.542725e-04 3.113387e-04 1.566011e+00 1.677914e-04
207 1.522523e-04 3.054843e-04 1.565773e+00 1.654740e-04
208 1.502943e-04 3.070166e-04 1.565538e+00 1.649009e-04
209 1.500752e-04 2.948799e-04 1.565306e+00 1.624923e-04
210 1.507091e-04 2.937622e-04 1.565076e+00 1.620985e-04
211 1.498727e-04 2.997261e-04 1.564848e+00 1.629506e-04
212 1.479403e-04 2.984001e-04 1.564622e+00 1.609166e-04
213 1.470749e-04 2.945636e-04 1.564398e+00 1.586212e-04
214 1.450225e-04 2.888636e-04 1.564175e+00 1.568407e-04
215 1.453096e-04 2.865026e-04 1.563955e+00 1.562823e-04
216 1.456399e-04 2.847298e-04 1.563735e+00 1.560291e-04
217 1.448289e-04 2.816262e-04 1.563517e+00 1.547140e-04
218 1.428930e-04 2.785105e-04 1.563299e+00 1.533106e-04
219 1.414742e-04 2.812394e-04 1.563083e+00 1.526430e-04
220 1.412408e-04 2.830458e-04 1.562867e+00 1.525986e-04
221 1.410770e-04 2.738676e-04 1.562651e+00 1.512043e-04
222 1.397559e-04 2.744951e-04 1.562436e+00 1.500288e-04
223 1.410575e-04 2.747331e-04 1.562221e+00 1.509364e-04
224 1.397916e-04 2.786753e-04 1.562005e+00 1.509808e-04
225 1.392891e-04 2.681744e-04 1.561788e+00 1.480425e-04
226 1.385846e-04 2.711141e-04 1.561571e+00 1.483749e-04
227 1.374489e-04 2.697688e-04 1.561352e+00 1.472793e-04
228 1.379111e-04 2.731133e-04 1.561132e+00 1.481353e-04
229 1.370242e-04 2.682317e-04 1.560910e+00 1.465249e-04
230 1.354562e-04 2.679343e-04 1.560685e+00 1.454632e-04
231 1.355691e-04 2.578763e-04 1.560459e+00 1.441056e-04
232 1.352642e-04 2.610989e-04 1.560230e+00 1.442003e-04
233 1.352825e-04 2.603018e-04 1.559999e+00 1.436181e-04
234 1.351438e-04 2.639004e-04 1.559765e+00 1.443076e-04
235 1.337241e-04 2.586476e-04 1.559530e+00 1.424302e-04
236 1.334159e-04 2.633939e-04 1.559292e+00 1.426375e-04
237 1.330626e-04 2.572916e-04 1.559053e+00 1.414482e-04
238 1.334097e-04 2.523705e-04 1.558812e+00 1.411503e-04
239 1.322268e-04 2.542780e-04 1.558568e+00 1.402416e-04
240 1.320425e-04 2.507974e-04 1.558321e+00 1.396824e-04
241 1.319068e-04 2.503301e-04 1.558069e+00 1.400485e-04
242 1.323387e-04 2.565301e-04 1.557812e+00 1.408629e-04
243 1.312642e-04 2.490424e-04 1.557547e+00 1.390464e-04
244 1.315990e-04 2.485366e-04 1.557272e+00 1.392408e-04
245 1.319777e-04 2.548690e-04 1.556985e+00 1.404900e-04
246 1.321945e-04 2.448305e-04 1.556680e+00 1.395443e-04
247 1.322851e-04 2.457632e-04 1.556354e+00 1.398383e-04
248 1.331933e-04 2.442809e-04 1.556000e+00 1.404831e-04
249 1.333597e-04 2.449163e-04 1.555611e+00 1.409415e-04
250 1.341353e-04 2.470393e-04 1.555180e+00 1.414114e-04
251 1.347018e-04 2.541398e-04 1.554702e+00 1.421232e-04
252 1.361425e-04 2.660217e-04 1.554172e+00 1.435435e-04
253 1.361468e-04 2.820397e-04 1.553583e+00 1.438829e-04
254 1.363003e-04 3.185807e-04 1.552927e+00 1.450010e-04
255 1.356114e-04 3.534778e-04 1.552190e+00 1.437727e-04
256 1.343092e-04 4.045370e-04 1.551372e+00 1.428864e-04
257 1.319820e-04 4.738492e-04 1.550490e+00 1.409632e-04
258 1.286379e-04 5.242700e-04 1.549572e+00 1.391139e-04
259 1.271933e-04 5.499565e-04 1.548651e+00 1.391649e-04
260 1.261398e-04 5.430678e-04 1.547746e+00 1.390074e-04
261 1.269787e-04 5.189793e-04 1.546871e+00 1.407779e-04
262 1.277652e-04 4.925900e-04 1.546036e+00 1.423641e-04
263 1.318733e-04 4.792887e-04 1.545249e+00 1.465651e-04
264 1.305212e-04 4.326430e-04 1.544513e+00 1.461091e-04
265 1.307735e-04 3.992029e-04 1.543831e+00 1.462070e-04
266 1.304468e-04 3.626129e-04 1.543204e+00 1.451194e-04
267 1.303351e-04 3.480239e-04 1.542628e+00 1.437465e-04
268 1.288684e-04 3.558495e-04 1.542102e+00 1.427421e-04
269 1.279744e-04 3.488847e-04 1.541622e+00 1.409744e-04
270 1.273115e-04 3.503616e-04 1.541184e+00 1.398032e-04
271 1.257845e-04 3.470807e-04 1.540785e+00 1.381385e-04
272 1.253855e-04 3.481165e-04 1.540419e+00 1.369969e-04
273 1.242586e-04 3.476889e-04 1.540082e+00 1.364931e-04
274 1.233661e-04 3.532181e-04 1.539772e+00 1.357632e-04
275 1.203514e-04 3.277993e-04 1.539484e+00 1.318009e-04
276 1.191855e-04 3.334840e-04 1.539216e+00 1.305439e-04
277 1.185244e-04 3.323576e-04 1.538965e+00 1.294370e-04
278 1.177513e-04 3.225714e-04 1.538728e+00 1.284906e-04
279 1.171336e-04 3.244656e-04 1.538503e+00 1.273561e-04
280 1.152721e-04 3.022272e-04 1.538289e+00 1.255061e-04
281 1.141243e-04 3.091555e-04 1.538084e+00 1.240415e-04
282 1.152347e-04 3.099647e-04 1.537886e+00 1.247295e-04
283 1.125642e-04 3.083923e-04 1.537694e+00 1.229505e-04
284 1.121447e-04 3.078599e-04 1.537506e+00 1.219776e-04
285 1.108024e-04 2.965603e-04 1.537322e+00 1.206689e-04
286 1.106463e-04 3.037668e-04 1.537140e+00 1.206521e-04
287 1.112162e-04 3.077333e-04 1.536960e+00 1.210047e-04
288 1.089275e-04 2.850366e-04 1.536780e+00 1.190175e-04
289 1.085226e-04 2.934283e-04 1.536600e+00 1.188301e-04
290 1.087453e-04 2.965381e-04 1.536418e+00 1.189240e-04
291 1.076558e-04 2.816377e-04 1.536235e+00 1.174878e-04
292 1.074607e-04 2.837347e-04 1.536049e+00 1.171453e-04
293 1.070007e-04 2.810451e-04 1.535859e+00 1.171806e-04
294 1.061156e-04 2.710201e-04 1.535665e+00 1.165996e-04
295 1.075240e-04 2.850717e-04 1.535464e+00 1.172007e-04
296 1.069837e-04 2.852982e-04 1.535258e+00 1.173194e-04
297 1.063079e-04 2.834428e-04 1.535044e+00 1.164838e-04
298 1.049499e-04 3.046444e-04 1.534822e+00 1.160853e-04
299 1.055358e-04 3.079521e-04 1.534590e+00 1.157611e-04
300 1.056148e-04 3.207639e-04 1.534347e+00 1.162280e-04
301 1.050386e-04 3.338327e-04 1.534092e+00 1.165028e-04
302 1.058873e-04 3.407739e-04 1.533824e+00 1.163517e-04
303 1.050112e-04 3.608633e-04 1.533540e+00 1.159590e-04
304 1.046716e-04 3.806127e-04 1.533241e+00 1.163407e-04
305 1.043408e-04 3.876813e-04 1.532924e+00 1.168849e-04
306 1.057226e-04 3.963460e-04 1.532588e+00 1.173449e-04
307 1.034736e-04 4.242101e-04 1.532231e+00 1.171683e-04
308 1.036113e-04 4.407133e-04 1.531851e+00 1.175507e-04
309 1.046223e-04 4.465353e-04 1.531446e+00 1.185349e-04
310 1.051884e-04 4.628220e-04 1.531016e+00 1.188406e-04
311 1.047229e-04 4.729271e-04 1.530560e+00 1.197922e-04
312 1.040013e-04 4.896881e-04 1.530081e+00 1.197537e-04
313 1.040463e-04 4.993161e-04 1.529584e+00 1.200797e-04
314 1.029505e-04 5.026317e-04 1.529078e+00 1.196912e-04
315 1.026120e-04 4.972547e-04 1.528567e+00 1.196695e-04
316 1.023125e-04 4.898610e-04 1.528058e+00 1.189666e-04
317 1.002857e-04 4.812734e-04 1.527552e+00 1.182051e-04
318 1.004394e-04 4.611621e-04 1.527054e+00 1.175180e-04
319 9.831248e-05 4.499245e-04 1.526567e+00 1.164747e-04
320 9.824205e-05 4.179990e-04 1.526094e+00 1.151647e-04
321 9.781514e-05 3.897777e-04 1.525637e+00 1.141863e-04
322 9.676468e-05 3.671167e-04 1.525198e+00 1.130297e-04
323 9.622643e-05 3.590514e-04 1.524777e+00 1.120417e-04
324 9.579936e-05 3.524026e-04 1.524376e+00 1.104854e-04
325 9.477082e-05 3.503276e-04 1.523993e+00 1.093886e-04
326 9.490123e-05 3.295993e-04 1.523628e+00 1.081073e-04
327 9.326633e-05 3.287298e-04 1.523282e+00 1.068341e-04
328 9.335737e-05 3.145534e-04 1.522953e+00 1.052941e-04
329 9.190312e-05 3.020970e-04 1.522643e+00 1.037989e-04
330 9.132253e-05 2.938571e-04 1.522350e+00 1.026346e-04
331 9.000259e-05 2.901176e-04 1.522074e+00 1.013561e-04
332 8.899513e-05 2.798963e-04 1.521815e+00 9.947353e-05
333 8.748501e-05 2.721452e-04 1.521571e+00 9.788674e-05
334 8.643073e-05 2.651094e-04 1.521341e+00 9.629662e-05
