1 2.694481e+00 1.786874e+01 1.240727e+00 3.399320e+00
2 2.716758e+00 1.515113e+01 1.230596e+00 3.435724e+00
3 2.687225e+00 1.485526e+01 1.187431e+00 3.406459e+00
4 2.758700e+00 1.381356e+01 1.178016e+00 3.493708e+00
5 2.741772e+00 1.410892e+01 1.115786e+00 3.478931e+00
6 2.769883e+00 1.371302e+01 1.082178e+00 3.488208e+00
7 2.741703e+00 1.374829e+01 1.050913e+00 3.460302e+00
8 2.714929e+00 1.358789e+01 1.029830e+00 3.430300e+00
9 2.694287e+00 1.343568e+01 9.800312e-01 3.407287e+00
10 2.677622e+00 1.284755e+01 8.682583e-01 3.372962e+00
11 2.736166e+00 1.131200e+01 8.502533e-01 3.365558e+00
12 2.715482e+00 1.118834e+01 8.187437e-01 3.344739e+00
13 2.682793e+00 1.093145e+01 7.844953e-01 3.307620e+00
14 2.647352e+00 1.062235e+01 7.629512e-01 3.266613e+00
15 2.622846e+00 1.042251e+01 7.267436e-01 3.238423e+00
16 2.587061e+00 1.005781e+01 6.943810e-01 3.192876e+00
17 2.552061e+00 9.726664e+00 6.772253e-01 3.149932e+00
18 2.532062e+00 9.548970e+00 6.516024e-01 3.124550e+00
19 2.502578e+00 9.278736e+00 5.610760e-01 3.087574e+00
20 2.438160e+00 8.330023e+00 5.330631e-01 2.973748e+00
21 2.394244e+00 8.104507e+00 5.188281e-01 2.921824e+00
22 2.371247e+00 7.954278e+00 4.938378e-01 2.893687e+00
23 2.330417e+00 7.727536e+00 4.666777e-01 2.844183e+00
24 2.283906e+00 7.442031e+00 4.434786e-01 2.786660e+00
25 2.241892e+00 7.219264e+00 3.698415e-01 2.735573e+00
26 2.122111e+00 6.416865e+00 3.449256e-01 2.572143e+00
27 2.063493e+00 6.160188e+00 3.239607e-01 2.502354e+00
28 2.010436e+00 5.943733e+00 2.533097e-01 2.439637e+00
29 1.835133e+00 5.120169e+00 2.443042e-01 2.215157e+00
30 1.805694e+00 5.018531e+00 2.278704e-01 2.180872e+00
31 1.749600e+00 4.844287e+00 2.031388e-01 2.115975e+00
32 1.660835e+00 4.546370e+00 1.836161e-01 2.011125e+00
33 1.585440e+00 4.300130e+00 1.694513e-01 1.922042e+00
34 1.525971e+00 4.118177e+00 1.638127e-01 1.854293e+00
35 1.500279e+00 4.053025e+00 1.610887e-01 1.837648e+00
36 1.488751e+00 4.020274e+00 1.491331e-01 1.827629e+00
37 1.436871e+00 3.861214e+00 1.464193e-01 1.766370e+00
38 1.440269e+00 3.949689e+00 1.452556e-01 1.776645e+00
39 1.461797e+00 4.137855e+00 1.426627e-01 1.810959e+00
40 1.448638e+00 4.132136e+00 1.361563e-01 1.801331e+00
41 1.413090e+00 4.101173e+00 1.338102e-01 1.782697e+00
42 1.409257e+00 4.095805e+00 1.327278e-01 1.811033e+00
43 1.407334e+00 4.108484e+00 1.291680e-01 1.817642e+00
44 1.393696e+00 4.131453e+00 1.268312e-01 1.815992e+00
45 1.383536e+00 4.074523e+00 1.244964e-01 1.807374e+00
46 1.376216e+00 4.050773e+00 1.200114e-01 1.802643e+00
47 1.352477e+00 4.088064e+00 1.166703e-01 1.797572e+00
48 1.338003e+00 4.114815e+00 1.130518e-01 1.798861e+00
49 1.314899e+00 4.049656e+00 1.103514e-01 1.792416e+00
50 1.297505e+00 3.985942e+00 1.058754e-01 1.785508e+00
51 1.272294e+00 3.936337e+00 1.018114e-01 1.757398e+00
52 1.247315e+00 3.863806e+00 9.893265e-02 1.726281e+00
53 1.231355e+00 3.774335e+00 9.587812e-02 1.702025e+00
54 1.214245e+00 3.737263e+00 9.448711e-02 1.682376e+00
55 1.192472e+00 3.689456e+00 9.145176e-02 1.638492e+00
56 1.172880e+00 3.609592e+00 8.673359e-02 1.611929e+00
57 1.134185e+00 3.404244e+00 8.339981e-02 1.539802e+00
58 1.116785e+00 3.113501e+00 8.122009e-02 1.498314e+00
59 1.108898e+00 2.973360e+00 8.001911e-02 1.474647e+00
60 1.111587e+00 2.913509e+00 7.775817e-02 1.468279e+00
61 1.094268e+00 2.801229e+00 7.591674e-02 1.442032e+00
62 1.095931e+00 2.727297e+00 7.467286e-02 1.419599e+00
63 1.088078e+00 2.729965e+00 7.377888e-02 1.409834e+00
64 1.081795e+00 2.708934e+00 7.261144e-02 1.397920e+00
65 1.075382e+00 2.675268e+00 7.094939e-02 1.371760e+00
66 1.047860e+00 2.609580e+00 6.962143e-02 1.332263e+00
67 1.051278e+00 2.496064e+00 6.833055e-02 1.312763e+00
68 1.039604e+00 2.538614e+00 6.704158e-02 1.293018e+00
69 1.037585e+00 2.517619e+00 6.557783e-02 1.290346e+00
70 1.022088e+00 2.450470e+00 6.398564e-02 1.244325e+00
71 1.016995e+00 2.321617e+00 6.289888e-02 1.222405e+00
72 1.014326e+00 2.241572e+00 6.161137e-02 1.211879e+00
73 9.943751e-01 2.253186e+00 6.098633e-02 1.211319e+00
74 9.803316e-01 2.299090e+00 5.925571e-02 1.199429e+00
75 9.634713e-01 2.184202e+00 5.833457e-02 1.172618e+00
76 9.579233e-01 2.013630e+00 5.721694e-02 1.099934e+00
77 9.508216e-01 1.938394e+00 5.664039e-02 1.077028e+00
78 9.508646e-01 1.951737e+00 5.592344e-02 1.074314e+00
79 9.532033e-01 1.939713e+00 5.492166e-02 1.077523e+00
80 9.505423e-01 1.952146e+00 5.379163e-02 1.074011e+00
81 9.437247e-01 1.965393e+00 5.323371e-02 1.074229e+00
82 9.301733e-01 1.960828e+00 5.181640e-02 1.058171e+00
83 9.153776e-01 1.888098e+00 5.101415e-02 1.028021e+00
84 9.109718e-01 1.807066e+00 5.027551e-02 1.000435e+00
85 9.101144e-01 1.711882e+00 4.959603e-02 9.812747e-01
86 9.081691e-01 1.681673e+00 4.917898e-02 9.820150e-01
87 9.110904e-01 1.680556e+00 4.831514e-02 9.886480e-01
88 9.103700e-01 1.704085e+00 4.746910e-02 9.996322e-01
89 8.936924e-01 1.785076e+00 4.713504e-02 1.000329e+00
90 8.831401e-01 1.823759e+00 4.689308e-02 1.009990e+00
91 8.743335e-01 1.826633e+00 4.608621e-02 1.005809e+00
92 8.718770e-01 1.823931e+00 4.575624e-02 9.902802e-01
93 8.729429e-01 1.830949e+00 4.509204e-02 9.937155e-01
94 8.654660e-01 1.777904e+00 4.456008e-02 9.760004e-01
95 8.654760e-01 1.756054e+00 4.374340e-02 9.658780e-01
96 8.511724e-01 1.736015e+00 4.318012e-02 9.363148e-01
97 8.280326e-01 1.715484e+00 4.216876e-02 9.073662e-01
98 8.190307e-01 1.571893e+00 4.172298e-02 8.931064e-01
99 8.062793e-01 1.551381e+00 4.142709e-02 8.698909e-01
100 8.215913e-01 1.585360e+00 4.104583e-02 8.921260e-01
101 8.171597e-01 1.521597e+00 4.003682e-02 8.820652e-01
102 8.146786e-01 1.499709e+00 3.919686e-02 8.744780e-01
103 8.079874e-01 1.515844e+00 3.863428e-02 8.665112e-01
104 7.933873e-01 1.450087e+00 3.834497e-02 8.382200e-01
105 7.788381e-01 1.432840e+00 3.784424e-02 8.246692e-01
106 7.723310e-01 1.394672e+00 3.719858e-02 8.182502e-01
107 7.503031e-01 1.380357e+00 3.691877e-02 7.985763e-01
108 7.430734e-01 1.379933e+00 3.632336e-02 7.975044e-01
109 7.324125e-01 1.353782e+00 3.576690e-02 7.899715e-01
110 7.099971e-01 1.329106e+00 3.535976e-02 7.730790e-01
111 6.999109e-01 1.376135e+00 3.497509e-02 7.657936e-01
112 6.907314e-01 1.373244e+00 3.423776e-02 7.571212e-01
113 6.745457e-01 1.402906e+00 3.399893e-02 7.452214e-01
114 6.707302e-01 1.347156e+00 3.363745e-02 7.435238e-01
115 6.602516e-01 1.290664e+00 3.337931e-02 7.409630e-01
116 6.441253e-01 1.271398e+00 3.310527e-02 7.145868e-01
117 6.431785e-01 1.296824e+00 3.282278e-02 7.199226e-01
118 6.449051e-01 1.337721e+00 3.226745e-02 7.237431e-01
119 6.420638e-01 1.342851e+00 3.179189e-02 7.216245e-01
120 6.527781e-01 1.264428e+00 3.159802e-02 7.138661e-01
121 6.468954e-01 1.241198e+00 3.127756e-02 7.111262e-01
122 6.529248e-01 1.252930e+00 3.060488e-02 7.349171e-01
123 6.457616e-01 1.252339e+00 3.035579e-02 7.215612e-01
124 6.368326e-01 1.245309e+00 2.969695e-02 7.098329e-01
125 6.158661e-01 1.223763e+00 2.935455e-02 6.760708e-01
126 6.280346e-01 1.209924e+00 2.901629e-02 6.824038e-01
127 6.195940e-01 1.221194e+00 2.874951e-02 6.695148e-01
128 6.144515e-01 1.244266e+00 2.798963e-02 6.711064e-01
129 6.020960e-01 1.221414e+00 2.758192e-02 6.490345e-01
130 5.874705e-01 1.235850e+00 2.732376e-02 6.392185e-01
131 5.746768e-01 1.182983e+00 2.702175e-02 6.318978e-01
132 5.661126e-01 1.141367e+00 2.668068e-02 6.245232e-01
133 5.522025e-01 1.231855e+00 2.650112e-02 6.000798e-01
134 5.454982e-01 1.266164e+00 2.606211e-02 5.892047e-01
135 5.514269e-01 1.119160e+00 2.580156e-02 5.953040e-01
136 5.344603e-01 1.125515e+00 2.549568e-02 5.788269e-01
137 5.337168e-01 1.133565e+00 2.518282e-02 5.801599e-01
138 5.360883e-01 1.086059e+00 2.491304e-02 5.749132e-01
139 5.197375e-01 1.057519e+00 2.470284e-02 5.599953e-01
140 5.253588e-01 1.021038e+00 2.426172e-02 5.663774e-01
141 5.318210e-01 9.993296e-01 2.405424e-02 5.718718e-01
142 5.236208e-01 1.065379e+00 2.369477e-02 5.615952e-01
143 5.213577e-01 1.001851e+00 2.339981e-02 5.612598e-01
144 5.064051e-01 1.004882e+00 2.309312e-02 5.472541e-01
145 4.971301e-01 1.025892e+00 2.281161e-02 5.387863e-01
146 4.969389e-01 1.057420e+00 2.256058e-02 5.357302e-01
147 4.971429e-01 1.090705e+00 2.243078e-02 5.387942e-01
148 4.935553e-01 1.071036e+00 2.223176e-02 5.389109e-01
149 4.939695e-01 1.059967e+00 2.190110e-02 5.444800e-01
150 4.957659e-01 1.035819e+00 2.148387e-02 5.395667e-01
151 4.857287e-01 1.016853e+00 2.118124e-02 5.233371e-01
152 4.770710e-01 1.013503e+00 2.097439e-02 5.162073e-01
153 4.730481e-01 1.051114e+00 2.058747e-02 5.097957e-01
154 4.598793e-01 1.025314e+00 2.036362e-02 4.945353e-01
155 4.429904e-01 1.017059e+00 2.012339e-02 4.786000e-01
156 4.360709e-01 1.007778e+00 1.973421e-02 4.721692e-01
157 4.320869e-01 1.012595e+00 1.934410e-02 4.662883e-01
158 4.200120e-01 9.817386e-01 1.912690e-02 4.527986e-01
159 4.126737e-01 9.721554e-01 1.891307e-02 4.488342e-01
160 4.110621e-01 9.570713e-01 1.879273e-02 4.464116e-01
161 4.125295e-01 9.612130e-01 1.847074e-02 4.500483e-01
162 4.148997e-01 9.609681e-01 1.817838e-02 4.535062e-01
163 4.058514e-01 9.737549e-01 1.789661e-02 4.422527e-01
164 3.936802e-01 9.354116e-01 1.766246e-02 4.263854e-01
165 3.909196e-01 9.199038e-01 1.735221e-02 4.223231e-01
166 3.796074e-01 8.782069e-01 1.703363e-02 4.119562e-01
167 3.679627e-01 8.586236e-01 1.687858e-02 3.992882e-01
168 3.646772e-01 8.151905e-01 1.662779e-02 3.949082e-01
169 3.653756e-01 7.985765e-01 1.642642e-02 3.920254e-01
170 3.609863e-01 8.097546e-01 1.626399e-02 3.889478e-01
171 3.544498e-01 8.128124e-01 1.614005e-02 3.829911e-01
172 3.509195e-01 8.131471e-01 1.599832e-02 3.794352e-01
173 3.490558e-01 7.988872e-01 1.581910e-02 3.778016e-01
174 3.414637e-01 7.828584e-01 1.564661e-02 3.661556e-01
175 3.395374e-01 7.469350e-01 1.550418e-02 3.631642e-01
176 3.332019e-01 7.421455e-01 1.532931e-02 3.584712e-01
177 3.303052e-01 7.447093e-01 1.509370e-02 3.594429e-01
178 3.228313e-01 7.103216e-01 1.489144e-02 3.525117e-01
179 3.198643e-01 7.159563e-01 1.471352e-02 3.488898e-01
180 3.152105e-01 7.366357e-01 1.456781e-02 3.395064e-01
181 3.152123e-01 7.798745e-01 1.444206e-02 3.372842e-01
182 3.106196e-01 8.218721e-01 1.424430e-02 3.315555e-01
183 3.016247e-01 7.959079e-01 1.398812e-02 3.222672e-01
184 3.052559e-01 7.812739e-01 1.374173e-02 3.267256e-01
185 3.013616e-01 7.170556e-01 1.356511e-02 3.222564e-01
186 2.998130e-01 6.808321e-01 1.346514e-02 3.188494e-01
187 3.055925e-01 6.809854e-01 1.336636e-02 3.258631e-01
188 3.009848e-01 6.633098e-01 1.329232e-02 3.194514e-01
189 3.011021e-01 6.577492e-01 1.303970e-02 3.203659e-01
190 2.884467e-01 6.168869e-01 1.288042e-02 3.069204e-01
191 2.729523e-01 6.054776e-01 1.271323e-02 2.907115e-01
192 2.607607e-01 5.960038e-01 1.259973e-02 2.788066e-01
193 2.538987e-01 5.965183e-01 1.244962e-02 2.723435e-01
194 2.439116e-01 6.010865e-01 1.236379e-02 2.647302e-01
195 2.344355e-01 5.891045e-01 1.230279e-02 2.575358e-01
196 2.347694e-01 5.387485e-01 1.212662e-02 2.599167e-01
197 2.339236e-01 5.282873e-01 1.204935e-02 2.553603e-01
198 2.279252e-01 5.267414e-01 1.196035e-02 2.475954e-01
199 2.302263e-01 5.260462e-01 1.177228e-02 2.475242e-01
200 2.255293e-01 5.312985e-01 1.161917e-02 2.405144e-01
201 2.260248e-01 5.175339e-01 1.149641e-02 2.404190e-01
202 2.243313e-01 5.241693e-01 1.135402e-02 2.395843e-01
203 2.202552e-01 6.106441e-01 1.123273e-02 2.363892e-01
204 2.080789e-01 6.060683e-01 1.116934e-02 2.230633e-01
205 1.988324e-01 5.930804e-01 1.108665e-02 2.133834e-01
206 1.949663e-01 5.474126e-01 1.098229e-02 2.087996e-01
207 1.916289e-01 5.474229e-01 1.089654e-02 2.053176e-01
208 1.851254e-01 5.528154e-01 1.082269e-02 1.993802e-01
209 1.822437e-01 5.286623e-01 1.072344e-02 1.956676e-01
210 1.789212e-01 4.657002e-01 1.068701e-02 1.910236e-01
211 1.772450e-01 4.615092e-01 1.054640e-02 1.894285e-01
212 1.714925e-01 4.427251e-01 1.049055e-02 1.832342e-01
213 1.673237e-01 4.329738e-01 1.038780e-02 1.785685e-01
214 1.618269e-01 4.164727e-01 1.028720e-02 1.727768e-01
215 1.570457e-01 4.218731e-01 1.018478e-02 1.676910e-01
216 1.571424e-01 4.184853e-01 1.009395e-02 1.679333e-01
217 1.471357e-01 4.031589e-01 9.993778e-03 1.583669e-01
218 1.410571e-01 3.702458e-01 9.944963e-03 1.520254e-01
219 1.386662e-01 3.405961e-01 9.889711e-03 1.490837e-01
220 1.399299e-01 3.308841e-01 9.809385e-03 1.491373e-01
221 1.369812e-01 3.205609e-01 9.767966e-03 1.458750e-01
222 1.350742e-01 3.110395e-01 9.706989e-03 1.439799e-01
223 1.328826e-01 3.273174e-01 9.641136e-03 1.412828e-01
224 1.285837e-01 3.468981e-01 9.593628e-03 1.373684e-01
225 1.250594e-01 3.504819e-01 9.521070e-03 1.339191e-01
226 1.211116e-01 3.272785e-01 9.439318e-03 1.292647e-01
227 1.164163e-01 3.333918e-01 9.384225e-03 1.246996e-01
228 1.132937e-01 3.361671e-01 9.345420e-03 1.220828e-01
229 1.120969e-01 3.296690e-01 9.267173e-03 1.208325e-01
230 1.056375e-01 3.095265e-01 9.224087e-03 1.136132e-01
231 9.867976e-02 2.860758e-01 9.178642e-03 1.067795e-01
232 9.279711e-02 2.472110e-01 9.134734e-03 1.012599e-01
233 8.848888e-02 2.298079e-01 9.098417e-03 9.706540e-02
234 8.527715e-02 2.197447e-01 9.062576e-03 9.466702e-02
235 8.377804e-02 2.116608e-01 9.032627e-03 9.258332e-02
236 8.310601e-02 2.067393e-01 8.990823e-03 9.255391e-02
237 8.439871e-02 2.197394e-01 8.967491e-03 9.176952e-02
238 8.257688e-02 2.160272e-01 8.909965e-03 9.056207e-02
239 8.123379e-02 2.053196e-01 8.894097e-03 8.811313e-02
240 7.918558e-02 1.977926e-01 8.870044e-03 8.624523e-02
241 7.655247e-02 2.028164e-01 8.842919e-03 8.455905e-02
242 7.587683e-02 2.067771e-01 8.811914e-03 8.295319e-02
243 7.386329e-02 2.082238e-01 8.797534e-03 8.055092e-02
244 7.189750e-02 2.135556e-01 8.764690e-03 7.816058e-02
245 7.107411e-02 2.243565e-01 8.754299e-03 7.703834e-02
246 6.910947e-02 1.975522e-01 8.733919e-03 7.508528e-02
247 6.370130e-02 1.868558e-01 8.721360e-03 6.939462e-02
248 6.175493e-02 1.840541e-01 8.699174e-03 6.739878e-02
249 5.835107e-02 1.768807e-01 8.690603e-03 6.376574e-02
250 5.558642e-02 1.740960e-01 8.672815e-03 6.107428e-02
251 5.386725e-02 1.763022e-01 8.664417e-03 5.925854e-02
252 5.407928e-02 1.734189e-01 8.649883e-03 5.947063e-02
253 5.183002e-02 1.733179e-01 8.641561e-03 5.728449e-02
254 5.087293e-02 1.702135e-01 8.628279e-03 5.610205e-02
255 5.049110e-02 1.786005e-01 8.619971e-03 5.564856e-02
256 4.962391e-02 1.724274e-01 8.596659e-03 5.481852e-02
257 4.541212e-02 1.827714e-01 8.592428e-03 5.009474e-02
258 4.514502e-02 1.821708e-01 8.576650e-03 4.971824e-02
259 4.297270e-02 1.776590e-01 8.572220e-03 4.752599e-02
260 4.249410e-02 1.787463e-01 8.564891e-03 4.693359e-02
261 4.080102e-02 1.805495e-01 8.557726e-03 4.518887e-02
262 3.905463e-02 1.819942e-01 8.550650e-03 4.345056e-02
263 3.681558e-02 1.838039e-01 8.544865e-03 4.134202e-02
264 3.581400e-02 1.846571e-01 8.525970e-03 4.037445e-02
265 3.228975e-02 1.800262e-01 8.523685e-03 3.688831e-02
266 3.154512e-02 1.794726e-01 8.518623e-03 3.636636e-02
267 3.075739e-02 1.799089e-01 8.510803e-03 3.528596e-02
268 2.918123e-02 1.800638e-01 8.508324e-03 3.371211e-02
269 2.894720e-02 1.793711e-01 8.499869e-03 3.341028e-02
270 2.908914e-02 1.750409e-01 8.497773e-03 3.416121e-02
271 2.819514e-02 1.717354e-01 8.487462e-03 3.310365e-02
272 2.673566e-02 1.623731e-01 8.485709e-03 3.175425e-02
273 2.679328e-02 1.590755e-01 8.475619e-03 3.193549e-02
274 2.528643e-02 1.515912e-01 8.473881e-03 3.073029e-02
275 2.547254e-02 1.548121e-01 8.460574e-03 3.063231e-02
276 2.335876e-02 1.444724e-01 8.459064e-03 2.875797e-02
277 2.316416e-02 1.477280e-01 8.456491e-03 2.857673e-02
278 2.272542e-02 1.471420e-01 8.447051e-03 2.810283e-02
279 2.095230e-02 1.406126e-01 8.445729e-03 2.642918e-02
280 2.082009e-02 1.443532e-01 8.442629e-03 2.633283e-02
281 2.043375e-02 1.540710e-01 8.437216e-03 2.590221e-02
282 2.041406e-02 1.719065e-01 8.435954e-03 2.550725e-02
283 2.049183e-02 1.758415e-01 8.429304e-03 2.526331e-02
284 2.034497e-02 1.953031e-01 8.428134e-03 2.494652e-02
285 2.032866e-02 1.972495e-01 8.418920e-03 2.491563e-02
286 2.027079e-02 2.125068e-01 8.417822e-03 2.505831e-02
287 2.017834e-02 2.125132e-01 8.410400e-03 2.499731e-02
288 1.931922e-02 2.022247e-01 8.403134e-03 2.440185e-02
289 1.779523e-02 1.605507e-01 8.402227e-03 2.305316e-02
290 1.763304e-02 1.590369e-01 8.396436e-03 2.291894e-02
291 1.694336e-02 1.656348e-01 8.395628e-03 2.181020e-02
292 1.690335e-02 1.668266e-01 8.387445e-03 2.182791e-02
293 1.579584e-02 1.465280e-01 8.386752e-03 2.004979e-02
294 1.552385e-02 1.464203e-01 8.385617e-03 1.985062e-02
295 1.510316e-02 1.460245e-01 8.382907e-03 1.941195e-02
296 1.487339e-02 1.425661e-01 8.382292e-03 1.904821e-02
297 1.442164e-02 1.416052e-01 8.377275e-03 1.866900e-02
298 1.321511e-02 1.193698e-01 8.376743e-03 1.747829e-02
299 1.292086e-02 1.181422e-01 8.375706e-03 1.728199e-02
300 1.263989e-02 1.151088e-01 8.373969e-03 1.704240e-02
301 1.304342e-02 1.096077e-01 8.373459e-03 1.721167e-02
302 1.239723e-02 1.100574e-01 8.370950e-03 1.672128e-02
303 1.224909e-02 1.023775e-01 8.370524e-03 1.643848e-02
304 1.206964e-02 1.016897e-01 8.368660e-03 1.626500e-02
305 1.174126e-02 9.593991e-02 8.367946e-03 1.601393e-02
306 1.159615e-02 9.388666e-02 8.365454e-03 1.586568e-02
307 1.160043e-02 8.187282e-02 8.365082e-03 1.576501e-02
308 1.170257e-02 8.084451e-02 8.364406e-03 1.584426e-02
309 1.146946e-02 7.826006e-02 8.362779e-03 1.559306e-02
310 1.158937e-02 7.019321e-02 8.362449e-03 1.564752e-02
311 1.134612e-02 6.909162e-02 8.359684e-03 1.535183e-02
312 1.092300e-02 5.980329e-02 8.359394e-03 1.480059e-02
313 1.073282e-02 5.947694e-02 8.357455e-03 1.463453e-02
314 1.055321e-02 6.006288e-02 8.356957e-03 1.408266e-02
315 1.027752e-02 5.838703e-02 8.355079e-03 1.385894e-02
316 1.019180e-02 5.630517e-02 8.354820e-03 1.339926e-02
317 9.819008e-03 5.623229e-02 8.354481e-03 1.313969e-02
318 9.540326e-03 5.577418e-02 8.352497e-03 1.288421e-02
319 8.861963e-03 5.140128e-02 8.352259e-03 1.213084e-02
320 8.814980e-03 5.142951e-02 8.352012e-03 1.209166e-02
321 8.774689e-03 5.159081e-02 8.350097e-03 1.203878e-02
322 8.903467e-03 5.061984e-02 8.349870e-03 1.188372e-02
323 9.856073e-03 4.987148e-02 8.349627e-03 1.250352e-02
324 9.787870e-03 4.945958e-02 8.348917e-03 1.233677e-02
325 1.053344e-02 4.870428e-02 8.348688e-03 1.283059e-02
326 1.067989e-02 4.841991e-02 8.347149e-03 1.300683e-02
327 1.076215e-02 4.413439e-02 8.346959e-03 1.297819e-02
328 1.077441e-02 4.388642e-02 8.346552e-03 1.298244e-02
329 1.040374e-02 4.286886e-02 8.345638e-03 1.258903e-02
330 9.621821e-03 4.169749e-02 8.345461e-03 1.164270e-02
331 9.297933e-03 4.129773e-02 8.344161e-03 1.133521e-02
332 8.360440e-03 3.747737e-02 8.344013e-03 1.035883e-02
333 8.300940e-03 3.716456e-02 8.343533e-03 1.030069e-02
334 8.690660e-03 3.629263e-02 8.342688e-03 1.063061e-02
335 8.509378e-03 3.546736e-02 8.342545e-03 1.035311e-02
336 8.601992e-03 3.608422e-02 8.341751e-03 1.040241e-02
337 8.409502e-03 3.485243e-02 8.341562e-03 1.020096e-02
338 7.903995e-03 3.451229e-02 8.340640e-03 9.693231e-03
339 7.013489e-03 3.192093e-02 8.340520e-03 8.805431e-03
340 7.068556e-03 3.234781e-02 8.340079e-03 8.835947e-03
341 6.948064e-03 3.212169e-02 8.339355e-03 8.689160e-03
342 6.526737e-03 3.263670e-02 8.339235e-03 8.247223e-03
343 7.006476e-03 3.300743e-02 8.338639e-03 8.662258e-03
344 6.944696e-03 3.414960e-02 8.338453e-03 8.616955e-03
345 6.887535e-03 3.462800e-02 8.337988e-03 8.552121e-03
346 7.080511e-03 3.553485e-02 8.337816e-03 8.627837e-03
347 6.946919e-03 3.564479e-02 8.337140e-03 8.482771e-03
348 6.965787e-03 3.586090e-02 8.337017e-03 8.442938e-03
349 6.661524e-03 3.577456e-02 8.336208e-03 8.107085e-03
350 6.044818e-03 3.427747e-02 8.336100e-03 7.354988e-03
351 5.927813e-03 3.390891e-02 8.335810e-03 7.224667e-03
352 5.745269e-03 3.285066e-02 8.335615e-03 7.026269e-03
353 5.500281e-03 3.214117e-02 8.334873e-03 6.767121e-03
354 4.564251e-03 2.664652e-02 8.334793e-03 5.768271e-03
355 4.647098e-03 2.641008e-02 8.334602e-03 5.841377e-03
356 4.328222e-03 2.564950e-02 8.334293e-03 5.534439e-03
357 3.969906e-03 2.303817e-02 8.334204e-03 5.148703e-03
358 3.913201e-03 2.221255e-02 8.333514e-03 5.080277e-03
359 3.221757e-03 1.584917e-02 8.333447e-03 4.336509e-03
360 3.214719e-03 1.581475e-02 8.333344e-03 4.326400e-03
361 3.288669e-03 1.575951e-02 8.332909e-03 4.362754e-03
362 3.598483e-03 1.497547e-02 8.332841e-03 4.427803e-03
363 3.449749e-03 1.493847e-02 8.332581e-03 4.304346e-03
364 3.511892e-03 1.476347e-02 8.331998e-03 4.325404e-03
365 3.039803e-03 1.434937e-02 8.331938e-03 3.760385e-03
366 2.943297e-03 1.431113e-02 8.331747e-03 3.661749e-03
367 2.767348e-03 1.416314e-02 8.331279e-03 3.479769e-03
368 3.162368e-03 1.412165e-02 8.331213e-03 4.073038e-03
369 3.209534e-03 1.443219e-02 8.330943e-03 4.101638e-03
370 3.019419e-03 1.410860e-02 8.330426e-03 3.886222e-03
371 2.788608e-03 1.473123e-02 8.330356e-03 3.624743e-03
372 2.701529e-03 1.485502e-02 8.330112e-03 3.514811e-03
373 2.750152e-03 1.543778e-02 8.338907e-03 3.480517e-03
374 2.035273e-03 1.424136e-02 8.337097e-03 2.767807e-03
375 1.711348e-03 1.629849e-02 8.336434e-03 2.483189e-03
376 1.753645e-03 1.799194e-02 8.336109e-03 2.510025e-03
377 2.008193e-03 1.812844e-02 8.335666e-03 2.780581e-03
378 1.772515e-03 1.785735e-02 8.335421e-03 2.506352e-03
379 1.846054e-03 1.758382e-02 8.335002e-03 2.543657e-03
380 1.833817e-03 1.662983e-02 8.334824e-03 2.522928e-03
381 1.723164e-03 1.628292e-02 8.334441e-03 2.417880e-03
382 1.897434e-03 1.524441e-02 8.334257e-03 2.585662e-03
383 1.936586e-03 1.489904e-02 8.333899e-03 2.615028e-03
384 2.181775e-03 1.417670e-02 8.333780e-03 2.800567e-03
385 2.391999e-03 1.419941e-02 8.333390e-03 3.007169e-03
386 2.347455e-03 1.425189e-02 8.333241e-03 2.914586e-03
387 2.225118e-03 1.427383e-02 8.332876e-03 2.777225e-03
388 4.200010e-03 4.520478e-02 8.332785e-03 5.483786e-03
389 2.372042e-03 1.422368e-02 8.332494e-03 2.764217e-03
390 4.461215e-03 4.936582e-02 8.331000e-03 5.870529e-03
391 5.398415e-03 5.774226e-02 8.330325e-03 6.866551e-03
392 5.201698e-03 5.016466e-02 8.329260e-03 6.262884e-03
393 4.932135e-03 3.804458e-02 8.328728e-03 5.487799e-03
394 4.249575e-03 3.294533e-02 8.328134e-03 4.747939e-03
395 2.892800e-03 1.482550e-02 8.327501e-03 3.306090e-03
396 3.213600e-03 2.643670e-02 8.338356e-03 3.665732e-03
397 2.701927e-03 2.720884e-02 8.334939e-03 3.259137e-03
398 3.109678e-03 2.472935e-02 8.334407e-03 3.712061e-03
399 3.159687e-03 2.105772e-02 8.333551e-03 3.763544e-03
400 2.801807e-03 1.462687e-02 8.333116e-03 3.325846e-03
401 2.651012e-03 1.457240e-02 8.332455e-03 3.138898e-03
402 2.316366e-03 1.448648e-02 8.332360e-03 2.841191e-03
403 2.226625e-03 1.448505e-02 8.331861e-03 2.749303e-03
404 2.062317e-03 1.445649e-02 8.331755e-03 2.832639e-03
405 1.998522e-03 1.443212e-02 8.331461e-03 2.738757e-03
406 1.989455e-03 1.430724e-02 8.330984e-03 2.740272e-03
407 1.970093e-03 1.408447e-02 8.330733e-03 2.671845e-03
408 1.874425e-03 1.403705e-02 8.330325e-03 2.537133e-03
409 1.806882e-03 1.394906e-02 8.330182e-03 2.461522e-03
410 3.922650e-03 5.499010e-02 8.329133e-03 5.556105e-03
411 2.701687e-03 2.075659e-02 8.328920e-03 3.481181e-03
412 2.209511e-03 1.374219e-02 8.328474e-03 2.833117e-03
413 1.749694e-03 1.370486e-02 8.328084e-03 2.366339e-03
414 1.908759e-03 1.483709e-02 8.327704e-03 2.514279e-03
415 1.870062e-03 1.316078e-02 8.327385e-03 2.390246e-03
416 1.807350e-03 1.297492e-02 8.327091e-03 2.264516e-03
417 1.872133e-03 1.287690e-02 8.326714e-03 2.302203e-03
418 2.226748e-03 3.359935e-02 8.325964e-03 2.768498e-03
419 2.306053e-03 3.288337e-02 8.325381e-03 2.873674e-03
420 1.943918e-03 2.136312e-02 8.324974e-03 2.439528e-03
421 1.667208e-03 1.553882e-02 8.324635e-03 2.189426e-03
422 1.476633e-03 1.303018e-02 8.324331e-03 2.036435e-03
423 1.340152e-03 1.263810e-02 8.324043e-03 1.923053e-03
424 1.333225e-03 1.216787e-02 8.323708e-03 1.897840e-03
425 1.593497e-03 1.339322e-02 8.323348e-03 2.151888e-03
426 1.597870e-03 1.229062e-02 8.323020e-03 2.140519e-03
427 2.308027e-03 1.122817e-02 8.322629e-03 2.779531e-03
428 2.177976e-03 1.059616e-02 8.322479e-03 2.537519e-03
429 2.139738e-03 1.041506e-02 8.322186e-03 2.507569e-03
430 2.337353e-03 9.937778e-03 8.321893e-03 2.832278e-03
431 2.330504e-03 9.688646e-03 8.321605e-03 2.767164e-03
432 2.344538e-03 9.382285e-03 8.321324e-03 2.745480e-03
433 2.228432e-03 9.170347e-03 8.321066e-03 2.612160e-03
434 2.159589e-03 9.062302e-03 8.320823e-03 2.531782e-03
435 1.985692e-03 9.215370e-03 8.320595e-03 2.337600e-03
436 1.721784e-03 9.445684e-03 8.320379e-03 2.109055e-03
437 1.633902e-03 9.718263e-03 8.320166e-03 2.083700e-03
438 1.616560e-03 1.032306e-02 8.319953e-03 2.096128e-03
439 1.594380e-03 1.234487e-02 8.319730e-03 2.110681e-03
440 1.434454e-03 1.338731e-02 8.319512e-03 1.978765e-03
441 1.194421e-03 1.218469e-02 8.319315e-03 1.740419e-03
442 1.040213e-03 1.135328e-02 8.319126e-03 1.621558e-03
1 6.084547e-01 1.372166e+00 8.227170e-03 7.126667e-01
2 5.976104e-01 1.454695e+00 8.105353e-03 6.952467e-01
3 5.378338e-01 1.358680e+00 8.008443e-03 6.295895e-01
4 4.782903e-01 1.262148e+00 7.933345e-03 5.571258e-01
5 4.324202e-01 1.217060e+00 7.864255e-03 5.087245e-01
6 4.313893e-01 1.223225e+00 7.758456e-03 5.060315e-01
7 4.056459e-01 1.236735e+00 7.714996e-03 4.793057e-01
8 3.835500e-01 1.042028e+00 7.638721e-03 4.514795e-01
9 3.821722e-01 1.119195e+00 7.587470e-03 4.532865e-01
10 3.559657e-01 1.045277e+00 7.532507e-03 4.255972e-01
11 3.542783e-01 1.038752e+00 7.491789e-03 4.209259e-01
12 3.447465e-01 1.131458e+00 7.451333e-03 4.114949e-01
13 3.262852e-01 1.010475e+00 7.375350e-03 3.882955e-01
14 3.209025e-01 9.372649e-01 7.335763e-03 3.762249e-01
15 3.036250e-01 1.003576e+00 7.310719e-03 3.577424e-01
16 2.844427e-01 8.745103e-01 7.273633e-03 3.355242e-01
17 2.508748e-01 7.863282e-01 7.242998e-03 2.977775e-01
18 2.450145e-01 8.037070e-01 7.216981e-03 2.916874e-01
19 2.312230e-01 8.181117e-01 7.166940e-03 2.785907e-01
20 2.364358e-01 9.025214e-01 7.146032e-03 2.838312e-01
21 2.237631e-01 8.693066e-01 7.127040e-03 2.689031e-01
22 2.142029e-01 7.962609e-01 7.099306e-03 2.576225e-01
23 2.093760e-01 7.525480e-01 7.089567e-03 2.463781e-01
24 1.937712e-01 6.248957e-01 7.068254e-03 2.227238e-01
25 1.876767e-01 5.811567e-01 7.033532e-03 2.158202e-01
26 1.543442e-01 3.649100e-01 7.013853e-03 1.732811e-01
27 1.461058e-01 3.415286e-01 6.992836e-03 1.626058e-01
28 1.364146e-01 3.260467e-01 6.980122e-03 1.525529e-01
29 1.257782e-01 2.481385e-01 6.967156e-03 1.375893e-01
30 1.246418e-01 3.005313e-01 6.945000e-03 1.372048e-01
31 1.211287e-01 3.978282e-01 6.922294e-03 1.376432e-01
32 1.184888e-01 4.572719e-01 6.902956e-03 1.368822e-01
33 1.043683e-01 2.376831e-01 6.882924e-03 1.139666e-01
34 1.088443e-01 3.773174e-01 6.859073e-03 1.234546e-01
35 9.767878e-02 2.944613e-01 6.841456e-03 1.091121e-01
36 9.199389e-02 2.591266e-01 6.826873e-03 1.016729e-01
37 8.299832e-02 1.937342e-01 6.813807e-03 9.027576e-02
38 9.375522e-02 2.778338e-01 6.799760e-03 1.032430e-01
39 9.251762e-02 2.419506e-01 6.784683e-03 1.005350e-01
40 9.495297e-02 2.364046e-01 6.751875e-03 1.032260e-01
41 9.074553e-02 2.076848e-01 6.731051e-03 9.959579e-02
42 8.372233e-02 2.120602e-01 6.709885e-03 9.336636e-02
43 7.005496e-02 1.694783e-01 6.695795e-03 7.468312e-02
44 6.647550e-02 1.716412e-01 6.681247e-03 7.080476e-02
45 6.566253e-02 1.512256e-01 6.667231e-03 7.082118e-02
46 6.206545e-02 1.567107e-01 6.653600e-03 6.705255e-02
47 6.106478e-02 1.519789e-01 6.633304e-03 6.561415e-02
48 5.961475e-02 1.636545e-01 6.621230e-03 6.486363e-02
49 5.503836e-02 1.546696e-01 6.607388e-03 5.950954e-02
50 5.208547e-02 1.424713e-01 6.596429e-03 5.806594e-02
51 5.129215e-02 1.486266e-01 6.586869e-03 5.740546e-02
52 4.958574e-02 1.591448e-01 6.577507e-03 5.745362e-02
53 4.549132e-02 1.415783e-01 6.571230e-03 5.313220e-02
54 4.251565e-02 1.189771e-01 6.559897e-03 4.807727e-02
55 4.298706e-02 1.251498e-01 6.548415e-03 5.019383e-02
56 4.393508e-02 1.415351e-01 6.538463e-03 5.105450e-02
57 4.153010e-02 1.321778e-01 6.531790e-03 4.710525e-02
58 4.131299e-02 1.378057e-01 6.523333e-03 4.771711e-02
59 3.852736e-02 1.114040e-01 6.516101e-03 4.335201e-02
60 3.855979e-02 1.207243e-01 6.502365e-03 4.353900e-02
61 3.305177e-02 8.885421e-02 6.496659e-03 3.699682e-02
62 3.329289e-02 9.570550e-02 6.492007e-03 3.641154e-02
63 3.449400e-02 1.248251e-01 6.486095e-03 3.916959e-02
64 3.237299e-02 1.144392e-01 6.479520e-03 3.687628e-02
65 2.882879e-02 9.918138e-02 6.472026e-03 3.288132e-02
66 2.802926e-02 1.161366e-01 6.466065e-03 3.297905e-02
67 2.873622e-02 1.276747e-01 6.461273e-03 3.420098e-02
68 2.756900e-02 1.147971e-01 6.450429e-03 3.296811e-02
69 2.739600e-02 1.201462e-01 6.443749e-03 3.309135e-02
70 2.442725e-02 9.730984e-02 6.438023e-03 2.880621e-02
71 2.379162e-02 9.835393e-02 6.433751e-03 2.851188e-02
72 2.296802e-02 9.730771e-02 6.430040e-03 2.806536e-02
73 2.430394e-02 1.134497e-01 6.425511e-03 3.073518e-02
74 2.248328e-02 9.365300e-02 6.421801e-03 2.817902e-02
75 2.252217e-02 6.436221e-02 6.413744e-03 2.862285e-02
76 1.944068e-02 6.484397e-02 6.408220e-03 2.469838e-02
77 1.757515e-02 6.252586e-02 6.401016e-03 2.253709e-02
78 1.721277e-02 6.216378e-02 6.394460e-03 2.194315e-02
79 1.704518e-02 6.068200e-02 6.390566e-03 2.211060e-02
80 1.509650e-02 5.860342e-02 6.384271e-03 1.936623e-02
81 1.391595e-02 5.665922e-02 6.381451e-03 1.813499e-02
82 1.404545e-02 5.590365e-02 6.375659e-03 1.846706e-02
83 1.486994e-02 5.485378e-02 6.372457e-03 1.956745e-02
84 1.456305e-02 5.463026e-02 6.369957e-03 1.871298e-02
85 1.274658e-02 5.378335e-02 6.365111e-03 1.622634e-02
86 1.296817e-02 5.083953e-02 6.362742e-03 1.644936e-02
87 1.287029e-02 4.987427e-02 6.357964e-03 1.628604e-02
88 1.380887e-02 4.858630e-02 6.355257e-03 1.749291e-02
89 1.365598e-02 4.676045e-02 6.352244e-03 1.731969e-02
90 1.356138e-02 4.526051e-02 6.350731e-03 1.683707e-02
91 1.295768e-02 4.488192e-02 6.347456e-03 1.602294e-02
92 1.346975e-02 4.392762e-02 6.344327e-03 1.676541e-02
93 1.140814e-02 4.177667e-02 6.342366e-03 1.440575e-02
94 1.099266e-02 4.176239e-02 6.338706e-03 1.398676e-02
95 1.053641e-02 3.465823e-02 6.336394e-03 1.347241e-02
96 1.099260e-02 3.041241e-02 6.334974e-03 1.402347e-02
97 9.654795e-03 2.691491e-02 6.331839e-03 1.236059e-02
98 8.512354e-03 2.443025e-02 6.330313e-03 1.103032e-02
99 8.490404e-03 2.363109e-02 6.327758e-03 1.104325e-02
100 9.285667e-03 2.353948e-02 6.325688e-03 1.193007e-02
101 9.348725e-03 2.629398e-02 6.323871e-03 1.215488e-02
102 8.202033e-03 2.394940e-02 6.321851e-03 1.061114e-02
103 8.448135e-03 2.287748e-02 6.320325e-03 1.101069e-02
104 8.206086e-03 2.410659e-02 6.318962e-03 1.053063e-02
105 7.790895e-03 2.231124e-02 6.317318e-03 9.731307e-03
106 8.003851e-03 2.206449e-02 6.316183e-03 9.847307e-03
107 7.851996e-03 2.685709e-02 6.314332e-03 9.556051e-03
108 8.748297e-03 2.306490e-02 6.312410e-03 1.084062e-02
109 7.839586e-03 2.154249e-02 6.310949e-03 9.496043e-03
110 7.599296e-03 1.890684e-02 6.308821e-03 9.141365e-03
111 8.110092e-03 1.998469e-02 6.307576e-03 9.639159e-03
112 8.809074e-03 1.979660e-02 6.305964e-03 1.028618e-02
113 8.513417e-03 1.891489e-02 6.304539e-03 9.975418e-03
114 8.108946e-03 1.740503e-02 6.302697e-03 9.307149e-03
115 7.013595e-03 2.081539e-02 6.301701e-03 8.112900e-03
116 6.507299e-03 1.778616e-02 6.300171e-03 7.576705e-03
117 6.382122e-03 1.791986e-02 6.299106e-03 7.858566e-03
118 5.669264e-03 1.719093e-02 6.298213e-03 6.935094e-03
119 5.516321e-03 1.782196e-02 6.296967e-03 6.799208e-03
120 5.082330e-03 1.543419e-02 6.295929e-03 6.228327e-03
121 4.614908e-03 1.303446e-02 6.294959e-03 5.557896e-03
122 4.236495e-03 1.427042e-02 6.294477e-03 5.166263e-03
123 4.094680e-03 1.210492e-02 6.293618e-03 4.991229e-03
124 4.368748e-03 1.469307e-02 6.292596e-03 5.290471e-03
125 4.421550e-03 1.669779e-02 6.291975e-03 5.726283e-03
126 4.574572e-03 1.422539e-02 6.290889e-03 5.930036e-03
127 4.468429e-03 1.511550e-02 6.290005e-03 5.752403e-03
128 4.327511e-03 1.304442e-02 6.289162e-03 5.351753e-03
129 5.317147e-03 1.361040e-02 6.288420e-03 6.138960e-03
130 5.172514e-03 1.347340e-02 6.287614e-03 5.902725e-03
131 5.534840e-03 1.288529e-02 6.286784e-03 5.923584e-03
132 5.449490e-03 1.755281e-02 6.286193e-03 5.910173e-03
133 6.166645e-03 1.444583e-02 6.285306e-03 6.542516e-03
134 5.397050e-03 1.233413e-02 6.284521e-03 5.791480e-03
135 4.702146e-03 1.280689e-02 6.283913e-03 5.232021e-03
136 3.906205e-03 1.194370e-02 6.283315e-03 4.457204e-03
137 3.637632e-03 1.287738e-02 6.282672e-03 4.249507e-03
138 3.655318e-03 1.377307e-02 6.282444e-03 4.333517e-03
139 3.799026e-03 1.430733e-02 6.281795e-03 4.574470e-03
140 3.981054e-03 1.372788e-02 6.281514e-03 4.846578e-03
141 4.101785e-03 1.198734e-02 6.280949e-03 4.790360e-03
142 3.537610e-03 1.229159e-02 6.280703e-03 4.137950e-03
143 3.265739e-03 1.001580e-02 6.280241e-03 3.809236e-03
144 3.067570e-03 9.649576e-03 6.280099e-03 3.608544e-03
145 3.185218e-03 8.495113e-03 6.279638e-03 3.780379e-03
146 3.094344e-03 9.550865e-03 6.279425e-03 3.574101e-03
147 2.931944e-03 9.572765e-03 6.279217e-03 3.351515e-03
148 2.675440e-03 8.388347e-03 6.278860e-03 3.064994e-03
149 2.410335e-03 7.976883e-03 6.278709e-03 2.859019e-03
150 2.402167e-03 7.738792e-03 6.278378e-03 2.899885e-03
151 2.249101e-03 7.325217e-03 6.278087e-03 2.791619e-03
152 2.308778e-03 7.813014e-03 6.277798e-03 2.851577e-03
153 2.892425e-03 1.234058e-02 6.277402e-03 3.252463e-03
154 2.494459e-03 1.080008e-02 6.277247e-03 2.797974e-03
155 2.342924e-03 7.865911e-03 6.276998e-03 2.688056e-03
156 2.081325e-03 9.495853e-03 6.276785e-03 2.468427e-03
157 1.758901e-03 7.202186e-03 6.276633e-03 2.042644e-03
158 1.591929e-03 6.852939e-03 6.276490e-03 1.834690e-03
159 1.589161e-03 7.289370e-03 6.276320e-03 1.891498e-03
160 2.372854e-03 1.916386e-02 6.276193e-03 2.795154e-03
161 1.937437e-03 9.120980e-03 6.275928e-03 2.182232e-03
162 1.905590e-03 7.736769e-03 6.275748e-03 2.132603e-03
163 1.641798e-03 5.936876e-03 6.275613e-03 1.840998e-03
164 1.424265e-03 5.771927e-03 6.275498e-03 1.639750e-03
165 1.397377e-03 5.607654e-03 6.275386e-03 1.665855e-03
1 1.499961e-01 6.905422e-01 2.476508e-03 2.033825e-01
2 1.341782e-01 6.200051e-01 2.451930e-03 1.795087e-01
3 1.218570e-01 5.681937e-01 2.432524e-03 1.610345e-01
4 1.109824e-01 5.234005e-01 2.407333e-03 1.454402e-01
5 1.101937e-01 4.531110e-01 2.379883e-03 1.432779e-01
6 9.844662e-02 4.221945e-01 2.369345e-03 1.282765e-01
7 8.983679e-02 3.790794e-01 2.353055e-03 1.158793e-01
8 7.722823e-02 3.154281e-01 2.343334e-03 9.771021e-02
9 6.911216e-02 2.932465e-01 2.323904e-03 8.732046e-02
10 6.159496e-02 2.449739e-01 2.317793e-03 7.622443e-02
11 5.679913e-02 2.316835e-01 2.307137e-03 7.048937e-02
12 4.972407e-02 1.953017e-01 2.297589e-03 6.024787e-02
13 4.439228e-02 1.702987e-01 2.290723e-03 5.288609e-02
14 4.262201e-02 1.848735e-01 2.280876e-03 5.160838e-02
15 3.744648e-02 1.579699e-01 2.276076e-03 4.394459e-02
16 3.384109e-02 1.451062e-01 2.272331e-03 3.971604e-02
17 3.116381e-02 1.365119e-01 2.264312e-03 3.672611e-02
18 2.624082e-02 1.135393e-01 2.258593e-03 3.096070e-02
19 2.257893e-02 9.414443e-02 2.255882e-03 2.656309e-02
20 2.066924e-02 8.363631e-02 2.250235e-03 2.419259e-02
21 1.744505e-02 6.249089e-02 2.248236e-03 2.022250e-02
22 1.623825e-02 5.315910e-02 2.245131e-03 1.869604e-02
23 1.535248e-02 4.224989e-02 2.242891e-03 1.748613e-02
24 1.373308e-02 3.620472e-02 2.240027e-03 1.578939e-02
25 1.230779e-02 2.929928e-02 2.237226e-03 1.439918e-02
26 1.223513e-02 2.966278e-02 2.235641e-03 1.448620e-02
27 1.105233e-02 3.016158e-02 2.233686e-03 1.302612e-02
28 1.063955e-02 3.165381e-02 2.231689e-03 1.295680e-02
29 1.151197e-02 3.234993e-02 2.229469e-03 1.459816e-02
30 9.211197e-03 2.598618e-02 2.228076e-03 1.156006e-02
31 8.413865e-03 2.482299e-02 2.226831e-03 1.064098e-02
32 8.016978e-03 2.099592e-02 2.225146e-03 1.007142e-02
33 7.539736e-03 2.393000e-02 2.223825e-03 9.490046e-03
34 7.172348e-03 2.275988e-02 2.222736e-03 9.035955e-03
35 6.829376e-03 2.460836e-02 2.221833e-03 8.637905e-03
36 6.327558e-03 2.518974e-02 2.221439e-03 7.714897e-03
37 6.471613e-03 2.465903e-02 2.220393e-03 7.777079e-03
38 6.838120e-03 2.635305e-02 2.219508e-03 8.196312e-03
39 6.789058e-03 2.505803e-02 2.218943e-03 8.313145e-03
40 6.182046e-03 2.349466e-02 2.217965e-03 7.485635e-03
41 5.707326e-03 2.072519e-02 2.217406e-03 6.661621e-03
42 5.327322e-03 2.025991e-02 2.216685e-03 6.262968e-03
43 5.974105e-03 2.006519e-02 2.215748e-03 7.173641e-03
44 5.809119e-03 1.490256e-02 2.215008e-03 6.823057e-03
45 4.800663e-03 1.362016e-02 2.214468e-03 5.488820e-03
46 3.457864e-03 9.177712e-03 2.214143e-03 3.902719e-03
47 3.429180e-03 1.170352e-02 2.213758e-03 4.046461e-03
48 3.576164e-03 1.513528e-02 2.213417e-03 4.476722e-03
49 3.472503e-03 1.156014e-02 2.212987e-03 4.385551e-03
50 3.753502e-03 1.364799e-02 2.212492e-03 4.835651e-03
51 3.639930e-03 1.405249e-02 2.212144e-03 4.652421e-03
52 3.479327e-03 1.528026e-02 2.211792e-03 4.405549e-03
53 3.258273e-03 1.368859e-02 2.211472e-03 3.956408e-03
54 3.114078e-03 1.254265e-02 2.211178e-03 3.809922e-03
55 2.907085e-03 1.349387e-02 2.210931e-03 3.556058e-03
56 2.329735e-03 1.324950e-02 2.210754e-03 2.866290e-03
57 2.188208e-03 1.360234e-02 2.210574e-03 2.771622e-03
58 2.099749e-03 1.355340e-02 2.210397e-03 2.702336e-03
59 2.204564e-03 1.327301e-02 2.210195e-03 2.789684e-03
60 2.948797e-03 1.371756e-02 2.209947e-03 3.441912e-03
61 1.926569e-03 1.329380e-02 2.209832e-03 2.354477e-03
62 1.536631e-03 1.298773e-02 2.209747e-03 1.912523e-03
63 1.559962e-03 1.261781e-02 2.209646e-03 1.979701e-03
64 1.589044e-03 1.249763e-02 2.209546e-03 2.029950e-03
65 1.631867e-03 1.247212e-02 2.209444e-03 2.110189e-03
66 1.609303e-03 1.247649e-02 2.209346e-03 2.082362e-03
67 1.571623e-03 1.251344e-02 2.209259e-03 2.010875e-03
68 1.482176e-03 1.223661e-02 2.209188e-03 1.861245e-03
69 1.372554e-03 1.192174e-02 2.209126e-03 1.722508e-03
70 1.181328e-03 1.179276e-02 2.209069e-03 1.509834e-03
1 8.604429e-02 6.337266e-01 1.860572e-03 1.334159e-01
2 6.126478e-02 4.619297e-01 1.845878e-03 9.423862e-02
3 4.663565e-02 3.441870e-01 1.833702e-03 6.898248e-02
4 2.966207e-02 2.108536e-01 1.827929e-03 4.057294e-02
5 2.040207e-02 1.443253e-01 1.824063e-03 2.710328e-02
6 1.320099e-02 9.225989e-02 1.821226e-03 1.740296e-02
7 9.311454e-03 5.233512e-02 1.820684e-03 1.132688e-02
8 9.047072e-03 4.725024e-02 1.818890e-03 1.093502e-02
9 6.814806e-03 3.558945e-02 1.818201e-03 8.029589e-03
10 5.759803e-03 3.280721e-02 1.817308e-03 6.823519e-03
11 5.762603e-03 2.884980e-02 1.816429e-03 6.890123e-03
12 4.627505e-03 3.075885e-02 1.816224e-03 5.474082e-03
13 4.734310e-03 3.025402e-02 1.815770e-03 5.484351e-03
14 4.462040e-03 2.845064e-02 1.815189e-03 5.138913e-03
15 3.551771e-03 2.534440e-02 1.814767e-03 4.108732e-03
16 2.942268e-03 2.420787e-02 1.814436e-03 3.498560e-03
17 2.620177e-03 2.167350e-02 1.814167e-03 3.079078e-03
18 2.355970e-03 1.865906e-02 1.813940e-03 2.704174e-03
19 2.176593e-03 1.581542e-02 1.813732e-03 2.478193e-03
20 1.863689e-03 1.352207e-02 1.813572e-03 2.118906e-03
21 1.474915e-03 1.147655e-02 1.813463e-03 1.714692e-03
22 1.206620e-03 9.576891e-03 1.813379e-03 1.437186e-03
23 1.032046e-03 7.981996e-03 1.813310e-03 1.248270e-03
1 8.701875e-02 2.514781e-01 1.711421e-03 1.176365e-01
2 6.412352e-02 1.717321e-01 1.700383e-03 8.187247e-02
3 4.442480e-02 1.092045e-01 1.694654e-03 5.309462e-02
4 3.178590e-02 7.558192e-02 1.692357e-03 3.570299e-02
5 2.581707e-02 6.521450e-02 1.688902e-03 2.850633e-02
6 1.986093e-02 5.102439e-02 1.687932e-03 2.099342e-02
7 1.827222e-02 4.761043e-02 1.685029e-03 1.917942e-02
8 1.515683e-02 3.743631e-02 1.681440e-03 1.580341e-02
9 1.394742e-02 3.425951e-02 1.679700e-03 1.468796e-02
10 1.223414e-02 2.887380e-02 1.678519e-03 1.289039e-02
11 1.265562e-02 3.372467e-02 1.675928e-03 1.344232e-02
12 1.227867e-02 2.554956e-02 1.674233e-03 1.304050e-02
13 1.103898e-02 2.384730e-02 1.673773e-03 1.165974e-02
14 1.099165e-02 3.336523e-02 1.671508e-03 1.164976e-02
15 8.066323e-03 3.685596e-02 1.670588e-03 8.574453e-03
16 6.533015e-03 1.793285e-02 1.669563e-03 6.954622e-03
17 5.317466e-03 2.022586e-02 1.668858e-03 5.777197e-03
18 4.920636e-03 2.204774e-02 1.668099e-03 5.495643e-03
19 3.933253e-03 1.610578e-02 1.667475e-03 4.500874e-03
20 3.264517e-03 2.152815e-02 1.666950e-03 3.756479e-03
21 2.883242e-03 1.345345e-02 1.666579e-03 3.195868e-03
22 3.374255e-03 2.738325e-02 1.666352e-03 4.110926e-03
23 3.235943e-03 1.962768e-02 1.666130e-03 3.786316e-03
24 3.072432e-03 1.469286e-02 1.665822e-03 3.526290e-03
25 2.864475e-03 1.113169e-02 1.665533e-03 3.270685e-03
26 2.086800e-03 6.711418e-03 1.665358e-03 2.427027e-03
27 1.804972e-03 6.043845e-03 1.665209e-03 2.163950e-03
28 1.768174e-03 5.978692e-03 1.665056e-03 2.155340e-03
29 1.884542e-03 5.444328e-03 1.664905e-03 2.257534e-03
30 2.204629e-03 9.795050e-03 1.664717e-03 2.698474e-03
31 2.185992e-03 7.619170e-03 1.664534e-03 2.694116e-03
32 2.203599e-03 8.293923e-03 1.664339e-03 2.769553e-03
33 2.144346e-03 9.409385e-03 1.664136e-03 2.662724e-03
34 1.879614e-03 1.545099e-02 1.664036e-03 2.378453e-03
35 1.469150e-03 5.844386e-03 1.663945e-03 1.844682e-03
36 1.145013e-03 4.916726e-03 1.663879e-03 1.503357e-03
37 9.082312e-04 4.886333e-03 1.663829e-03 1.218967e-03
1 8.309589e-02 4.515783e-01 1.655816e-03 1.227434e-01
2 7.094273e-02 3.801009e-01 1.647144e-03 1.034354e-01
3 5.338067e-02 2.852905e-01 1.644694e-03 7.659904e-02
4 5.019884e-02 2.579736e-01 1.634925e-03 7.044495e-02
5 2.552165e-02 9.091452e-02 1.633739e-03 3.058691e-02
6 2.436293e-02 8.358657e-02 1.631245e-03 2.884665e-02
7 2.365455e-02 6.879690e-02 1.629091e-03 2.735822e-02
8 1.970543e-02 5.756189e-02 1.627088e-03 2.275779e-02
9 1.609415e-02 4.258851e-02 1.625257e-03 1.799664e-02
10 1.246387e-02 3.718469e-02 1.624244e-03 1.401551e-02
11 1.002197e-02 2.520473e-02 1.623511e-03 1.097840e-02
12 8.246671e-03 2.250395e-02 1.622875e-03 8.918057e-03
13 7.436703e-03 2.171740e-02 1.622043e-03 8.042956e-03
14 6.057907e-03 1.445947e-02 1.621437e-03 6.592708e-03
15 4.267048e-03 1.232241e-02 1.621047e-03 4.598046e-03
16 3.271456e-03 1.139468e-02 1.620704e-03 3.649037e-03
17 3.453421e-03 2.751871e-02 1.620550e-03 4.103483e-03
18 3.444413e-03 2.199067e-02 1.620124e-03 4.093054e-03
19 3.260299e-03 1.532506e-02 1.619731e-03 3.847930e-03
20 3.406306e-03 1.868900e-02 1.619608e-03 3.908951e-03
21 3.492910e-03 1.289634e-02 1.619435e-03 3.972040e-03
22 3.586577e-03 1.304020e-02 1.619047e-03 4.029163e-03
23 3.181210e-03 8.892828e-03 1.618805e-03 3.449787e-03
24 4.109710e-03 1.330689e-02 1.618511e-03 4.448831e-03
25 2.519531e-03 6.693733e-03 1.618370e-03 2.638619e-03
26 1.932314e-03 5.867147e-03 1.618269e-03 2.071771e-03
27 1.642289e-03 5.455133e-03 1.618180e-03 1.818724e-03
28 1.496266e-03 5.430647e-03 1.618093e-03 1.740685e-03
29 1.337183e-03 4.981160e-03 1.618022e-03 1.584263e-03
1 8.350728e-02 4.420901e-01 1.618888e-03 1.284847e-01
2 5.788476e-02 3.252207e-01 1.609010e-03 8.794529e-02
3 3.761885e-02 2.022948e-01 1.605965e-03 5.282074e-02
4 3.054935e-02 1.597904e-01 1.604524e-03 4.129538e-02
5 2.949875e-02 1.378692e-01 1.603188e-03 3.834015e-02
6 2.637078e-02 1.182975e-01 1.600272e-03 3.352328e-02
7 1.849157e-02 6.243102e-02 1.598510e-03 2.214607e-02
8 1.065409e-02 4.827998e-02 1.597837e-03 1.251739e-02
9 7.499366e-03 3.866392e-02 1.597266e-03 8.653461e-03
10 7.021659e-03 3.416866e-02 1.596737e-03 8.291897e-03
11 5.978937e-03 2.785533e-02 1.596465e-03 6.912664e-03
12 5.465753e-03 2.701973e-02 1.596102e-03 6.428310e-03
13 3.988298e-03 2.399412e-02 1.595833e-03 4.818453e-03
14 3.942552e-03 2.101477e-02 1.595660e-03 4.777833e-03
15 3.888933e-03 2.101577e-02 1.595545e-03 4.701523e-03
16 3.862944e-03 2.118579e-02 1.595177e-03 4.680005e-03
17 3.648447e-03 2.082994e-02 1.594936e-03 4.470802e-03
18 2.998831e-03 1.872698e-02 1.594784e-03 3.798717e-03
19 2.270055e-03 1.704109e-02 1.594672e-03 2.951147e-03
20 1.679021e-03 1.458132e-02 1.594589e-03 2.184983e-03
21 1.524773e-03 1.323611e-02 1.594509e-03 1.946030e-03
22 1.805943e-03 1.278038e-02 1.594392e-03 2.168900e-03
23 1.998639e-03 1.230023e-02 1.594238e-03 2.381697e-03
24 2.690818e-03 1.760480e-02 1.594152e-03 3.015503e-03
25 2.610253e-03 1.074003e-02 1.593916e-03 2.931023e-03
26 2.470176e-03 8.398090e-03 1.593739e-03 2.744676e-03
27 1.917540e-03 7.018915e-03 1.593639e-03 2.123217e-03
28 1.569228e-03 5.962018e-03 1.593565e-03 1.777125e-03
29 1.310858e-03 5.257946e-03 1.593516e-03 1.517171e-03
30 1.061690e-03 4.912109e-03 1.593485e-03 1.231447e-03
1 7.121980e-02 4.431633e-01 1.608246e-03 1.068075e-01
2 5.442829e-02 3.376640e-01 1.606668e-03 7.921965e-02
3 4.716017e-02 2.832976e-01 1.605707e-03 6.599810e-02
4 4.310816e-02 2.556079e-01 1.602277e-03 5.923139e-02
5 3.732968e-02 1.962683e-01 1.597444e-03 4.838591e-02
6 1.689721e-02 8.730473e-02 1.596317e-03 1.989308e-02
7 1.262820e-02 6.803984e-02 1.595777e-03 1.473313e-02
8 1.085009e-02 5.531891e-02 1.595040e-03 1.249101e-02
9 9.704724e-03 3.926416e-02 1.594731e-03 1.086110e-02
10 9.284724e-03 3.335173e-02 1.593838e-03 1.030254e-02
11 8.213233e-03 1.959601e-02 1.593064e-03 9.164162e-03
12 7.371373e-03 1.649486e-02 1.592578e-03 8.308484e-03
13 6.250803e-03 1.542450e-02 1.592035e-03 6.861075e-03
14 5.101572e-03 1.107024e-02 1.591762e-03 5.477239e-03
15 4.771324e-03 1.038957e-02 1.591334e-03 5.111826e-03
16 5.097675e-03 1.154051e-02 1.590756e-03 5.452463e-03
17 5.363006e-03 1.881410e-02 1.590612e-03 5.817735e-03
18 5.048598e-03 1.265876e-02 1.590133e-03 5.458475e-03
19 4.308163e-03 1.024554e-02 1.589778e-03 4.605562e-03
20 4.162206e-03 1.202811e-02 1.589489e-03 4.429483e-03
21 4.574122e-03 1.336815e-02 1.588982e-03 4.783762e-03
22 4.171155e-03 1.208968e-02 1.588873e-03 4.298699e-03
23 4.092540e-03 9.939282e-03 1.588629e-03 4.210437e-03
24 3.835523e-03 7.466110e-03 1.588341e-03 3.956597e-03
25 3.744538e-03 8.123234e-03 1.588067e-03 3.947362e-03
26 3.629309e-03 8.257301e-03 1.587827e-03 3.834776e-03
27 2.996557e-03 7.528959e-03 1.587649e-03 3.156316e-03
28 2.463317e-03 8.310224e-03 1.587495e-03 2.633043e-03
29 2.421346e-03 5.823994e-03 1.587305e-03 2.665410e-03
30 2.312783e-03 6.097084e-03 1.587135e-03 2.579344e-03
31 2.074239e-03 7.102545e-03 1.587009e-03 2.280809e-03
32 2.091494e-03 5.173346e-03 1.586903e-03 2.286783e-03
33 2.297493e-03 5.174313e-03 1.586777e-03 2.511865e-03
34 2.262121e-03 6.751565e-03 1.586663e-03 2.471178e-03
35 2.208453e-03 5.237242e-03 1.586551e-03 2.371764e-03
36 2.612359e-03 1.234969e-02 1.586356e-03 2.832983e-03
37 2.146005e-03 7.510498e-03 1.586306e-03 2.374597e-03
38 1.940341e-03 5.818549e-03 1.586215e-03 2.161131e-03
39 1.490381e-03 4.700957e-03 1.586159e-03 1.676592e-03
40 1.275940e-03 5.102798e-03 1.586116e-03 1.451576e-03
41 1.027139e-03 3.472095e-03 1.586084e-03 1.185920e-03
1 3.909723e-02 1.618071e-01 1.597586e-03 4.816085e-02
2 2.378924e-02 8.332796e-02 1.595296e-03 2.638155e-02
3 1.722271e-02 5.015651e-02 1.593524e-03 1.817276e-02
4 1.145754e-02 2.489742e-02 1.592126e-03 1.200071e-02
5 9.077182e-03 1.664306e-02 1.591307e-03 9.717717e-03
6 9.288777e-03 1.767254e-02 1.590073e-03 1.008196e-02
7 9.508202e-03 2.291762e-02 1.589082e-03 1.029305e-02
8 7.527227e-03 1.974196e-02 1.588470e-03 8.111927e-03
9 7.097131e-03 1.773207e-02 1.587737e-03 7.931906e-03
10 5.040209e-03 1.738784e-02 1.587440e-03 5.531127e-03
11 4.907999e-03 8.848573e-03 1.586972e-03 5.219033e-03
12 5.472832e-03 1.622460e-02 1.586828e-03 5.701431e-03
13 5.412992e-03 1.050314e-02 1.586411e-03 5.657113e-03
14 6.462485e-03 1.369696e-02 1.585724e-03 6.804451e-03
15 6.219536e-03 1.373611e-02 1.585265e-03 6.612032e-03
