1 1.540807e-02 3.974678e-02 3.816016e+00 1.663379e-02
2 7.956842e-03 1.888670e-02 2.384760e+00 8.851699e-03
3 4.011624e-03 1.152527e-02 2.030807e+00 4.432959e-03
4 3.315576e-03 8.692510e-03 1.857249e+00 3.648702e-03
5 2.546430e-03 6.595281e-03 1.757423e+00 2.779155e-03
6 1.917799e-03 4.639143e-03 1.696468e+00 2.078417e-03
7 1.454406e-03 3.298646e-03 1.657117e+00 1.573038e-03
8 1.123821e-03 2.366006e-03 1.630686e+00 1.219513e-03
9 8.895053e-04 1.953052e-03 1.612400e+00 9.732616e-04
10 7.243480e-04 1.691070e-03 1.599367e+00 7.999410e-04
11 6.071497e-04 1.488762e-03 1.589772e+00 6.778618e-04
12 5.234676e-04 1.335036e-03 1.582476e+00 5.913111e-04
13 4.624494e-04 1.243390e-03 1.576756e+00 5.280822e-04
14 4.177768e-04 1.165067e-03 1.572147e+00 4.810911e-04
15 3.824281e-04 1.095649e-03 1.568342e+00 4.439932e-04
16 3.541921e-04 1.031886e-03 1.565136e+00 4.138730e-04
17 3.304997e-04 9.704905e-04 1.562388e+00 3.883257e-04
18 3.107962e-04 9.160339e-04 1.560000e+00 3.668917e-04
19 2.936431e-04 8.646990e-04 1.557900e+00 3.479630e-04
20 2.787886e-04 8.084369e-04 1.556037e+00 3.311027e-04
21 2.649643e-04 7.632641e-04 1.554371e+00 3.157289e-04
22 2.526296e-04 7.155152e-04 1.552871e+00 3.016395e-04
23 2.417764e-04 7.009179e-04 1.551511e+00 2.893908e-04
24 2.321063e-04 6.857825e-04 1.550273e+00 2.781232e-04
25 2.225810e-04 6.806521e-04 1.549138e+00 2.675203e-04
26 2.143008e-04 6.692867e-04 1.548094e+00 2.577660e-04
27 2.064545e-04 6.616627e-04 1.547128e+00 2.488015e-04
28 1.994227e-04 6.506060e-04 1.546231e+00 2.408447e-04
29 1.929583e-04 6.399491e-04 1.545395e+00 2.333272e-04
30 1.869742e-04 6.295860e-04 1.544612e+00 2.263344e-04
31 1.813673e-04 6.200492e-04 1.543878e+00 2.197745e-04
32 1.760635e-04 6.113722e-04 1.543187e+00 2.137597e-04
33 1.711733e-04 6.021683e-04 1.542536e+00 2.080838e-04
34 1.668089e-04 5.907342e-04 1.541921e+00 2.028679e-04
35 1.622034e-04 5.840119e-04 1.541340e+00 1.979977e-04
36 1.586292e-04 5.703378e-04 1.540790e+00 1.933766e-04
37 1.547470e-04 5.623430e-04 1.540270e+00 1.889430e-04
38 1.513650e-04 5.494103e-04 1.539777e+00 1.850078e-04
39 1.476694e-04 5.417719e-04 1.539310e+00 1.812143e-04
40 1.445989e-04 5.308105e-04 1.538867e+00 1.774329e-04
41 1.413560e-04 5.222264e-04 1.538446e+00 1.739351e-04
42 1.384370e-04 5.118423e-04 1.538047e+00 1.706991e-04
43 1.360212e-04 5.047368e-04 1.537667e+00 1.675130e-04
44 1.332215e-04 5.038746e-04 1.537305e+00 1.645464e-04
45 1.304342e-04 5.033152e-04 1.536960e+00 1.617239e-04
46 1.285401e-04 5.029996e-04 1.536631e+00 1.590734e-04
47 1.261326e-04 5.008410e-04 1.536318e+00 1.563351e-04
48 1.242189e-04 4.942614e-04 1.536018e+00 1.536185e-04
49 1.219737e-04 4.909033e-04 1.535733e+00 1.511503e-04
50 1.199969e-04 4.908868e-04 1.535459e+00 1.488886e-04
51 1.177273e-04 4.872340e-04 1.535198e+00 1.466922e-04
52 1.159594e-04 4.808475e-04 1.534948e+00 1.444019e-04
53 1.144734e-04 4.768181e-04 1.534708e+00 1.422225e-04
54 1.124238e-04 4.747232e-04 1.534479e+00 1.403168e-04
55 1.109013e-04 4.683326e-04 1.534259e+00 1.382628e-04
56 1.089976e-04 4.634459e-04 1.534048e+00 1.364585e-04
57 1.074275e-04 4.568410e-04 1.533846e+00 1.345869e-04
58 1.064727e-04 4.494902e-04 1.533652e+00 1.325897e-04
59 1.044107e-04 4.468643e-04 1.533466e+00 1.311221e-04
60 1.033438e-04 4.411561e-04 1.533287e+00 1.293209e-04
61 1.017179e-04 4.354427e-04 1.533115e+00 1.278144e-04
62 1.003545e-04 4.263716e-04 1.532950e+00 1.261898e-04
63 9.933017e-05 4.208278e-04 1.532791e+00 1.245552e-04
64 9.774541e-05 4.155603e-04 1.532638e+00 1.232677e-04
65 9.662160e-05 4.061867e-04 1.532490e+00 1.218209e-04
66 9.516565e-05 4.031170e-04 1.532348e+00 1.206005e-04
67 9.417115e-05 3.980927e-04 1.532211e+00 1.192769e-04
68 9.323031e-05 3.898534e-04 1.532079e+00 1.178237e-04
69 9.225722e-05 3.810160e-04 1.531951e+00 1.164791e-04
70 9.131189e-05 3.744956e-04 1.531827e+00 1.152228e-04
71 9.017925e-05 3.700684e-04 1.531708e+00 1.141559e-04
72 8.888305e-05 3.646986e-04 1.531592e+00 1.132713e-04
73 8.808184e-05 3.568351e-04 1.531480e+00 1.120428e-04
74 8.716286e-05 3.518876e-04 1.531372e+00 1.110090e-04
75 8.626798e-05 3.460529e-04 1.531267e+00 1.100274e-04
76 8.576986e-05 3.415004e-04 1.531165e+00 1.088412e-04
77 8.478205e-05 3.374377e-04 1.531065e+00 1.080123e-04
78 8.385479e-05 3.316669e-04 1.530969e+00 1.071691e-04
79 8.307846e-05 3.270334e-04 1.530875e+00 1.063007e-04
80 8.262216e-05 3.210835e-04 1.530784e+00 1.052631e-04
81 8.188460e-05 3.170801e-04 1.530695e+00 1.044441e-04
82 8.090476e-05 3.162237e-04 1.530609e+00 1.038411e-04
83 8.061305e-05 3.148641e-04 1.530525e+00 1.028037e-04
84 7.957452e-05 3.175525e-04 1.530442e+00 1.023439e-04
85 7.895498e-05 3.168978e-04 1.530362e+00 1.016433e-04
86 7.874199e-05 3.145265e-04 1.530284e+00 1.006481e-04
87 7.789086e-05 3.164600e-04 1.530207e+00 1.001847e-04
88 7.744696e-05 3.151804e-04 1.530132e+00 9.950274e-05
89 7.687764e-05 3.159941e-04 1.530058e+00 9.883205e-05
90 7.648566e-05 3.149532e-04 1.529986e+00 9.815223e-05
