1 37 
2 38 
3 41 
4 42 
7 43 
8 44 
9 47 
10 48 
13 49 
14 50 
15 53 
16 54 
19 55 
20 56 
21 59 
22 60 
25 61 
26 62 
27 65 
28 66 
31 67 
32 68 
33 71 
34 72 
74 112 
75 113 
78 114 
79 115 
80 118 
81 119 
84 120 
85 121 
86 124 
87 125 
90 126 
91 127 
92 130 
93 131 
96 132 
97 133 
98 136 
99 137 
102 138 
103 139 
104 142 
105 143 
108 144 
109 145 
149 185 
150 186 
151 189 
152 190 
155 191 
156 192 
157 195 
158 196 
161 197 
162 198 
163 201 
164 202 
167 203 
168 204 
169 207 
170 208 
173 209 
174 210 
175 213 
176 214 
179 215 
180 216 
181 219 
182 220 
222 260 
223 261 
226 262 
227 263 
228 266 
229 267 
232 268 
233 269 
234 272 
235 273 
238 274 
239 275 
240 278 
241 279 
244 280 
245 281 
246 284 
247 285 
250 286 
251 287 
252 290 
253 291 
256 292 
257 293 
297 333 
298 334 
299 337 
300 338 
303 339 
304 340 
305 343 
306 344 
309 345 
310 346 
311 349 
312 350 
315 351 
316 352 
317 355 
318 356 
321 357 
322 358 
323 361 
324 362 
327 363 
328 364 
329 367 
330 368 
370 408 
371 409 
374 410 
375 411 
376 414 
377 415 
380 416 
381 417 
382 420 
383 421 
386 422 
387 423 
388 426 
389 427 
392 428 
393 429 
394 432 
395 433 
398 434 
399 435 
400 438 
401 439 
404 440 
405 441 
445 481 
446 482 
447 485 
448 486 
451 487 
452 488 
453 491 
454 492 
457 493 
458 494 
459 497 
460 498 
463 499 
464 500 
465 503 
466 504 
469 505 
470 506 
471 509 
472 510 
475 511 
476 512 
477 515 
478 516 
518 556 
519 557 
522 558 
523 559 
524 562 
525 563 
528 564 
529 565 
530 568 
531 569 
534 570 
535 571 
536 574 
537 575 
540 576 
541 577 
542 580 
543 581 
546 582 
547 583 
548 586 
549 587 
552 588 
553 589 
593 629 
594 630 
595 633 
596 634 
599 635 
600 636 
601 639 
602 640 
605 641 
606 642 
607 645 
608 646 
611 647 
612 648 
613 651 
614 652 
617 653 
618 654 
619 657 
620 658 
623 659 
624 660 
625 663 
626 664 
666 704 
667 705 
670 706 
671 707 
672 710 
673 711 
676 712 
677 713 
678 716 
679 717 
682 718 
683 719 
684 722 
685 723 
688 724 
689 725 
690 728 
691 729 
694 730 
695 731 
696 734 
697 735 
700 736 
701 737 
741 777 
742 778 
743 781 
744 782 
747 783 
748 784 
749 787 
750 788 
753 789 
754 790 
755 793 
756 794 
759 795 
760 796 
761 799 
762 800 
765 801 
766 802 
767 805 
768 806 
771 807 
772 808 
773 811 
774 812 
814 852 
815 853 
818 854 
819 855 
820 858 
821 859 
824 860 
825 861 
826 864 
827 865 
830 866 
831 867 
832 870 
833 871 
836 872 
837 873 
838 876 
839 877 
842 878 
843 879 
844 882 
845 883 
848 884 
849 885 
889 925 
890 926 
891 929 
892 930 
895 931 
896 932 
897 935 
898 936 
901 937 
902 938 
903 941 
904 942 
907 943 
908 944 
909 947 
910 948 
913 949 
914 950 
915 953 
916 954 
919 955 
920 956 
921 959 
922 960 
962 1000 
963 1001 
966 1002 
967 1003 
968 1006 
969 1007 
972 1008 
973 1009 
974 1012 
975 1013 
978 1014 
979 1015 
980 1018 
981 1019 
984 1020 
985 1021 
986 1024 
987 1025 
990 1026 
991 1027 
992 1030 
993 1031 
996 1032 
997 1033 
1037 1073 
1038 1074 
1039 1077 
1040 1078 
1043 1079 
1044 1080 
1045 1083 
1046 1084 
1049 1085 
1050 1086 
1051 1089 
1052 1090 
1055 1091 
1056 1092 
1057 1095 
1058 1096 
1061 1097 
1062 1098 
1063 1101 
1064 1102 
1067 1103 
1068 1104 
1069 1107 
1070 1108 
1110 1148 
1111 1149 
1114 1150 
1115 1151 
1116 1154 
1117 1155 
1120 1156 
1121 1157 
1122 1160 
1123 1161 
1126 1162 
1127 1163 
1128 1166 
1129 1167 
1132 1168 
1133 1169 
1134 1172 
1135 1173 
1138 1174 
1139 1175 
1140 1178 
1141 1179 
1144 1180 
1145 1181 
1185 1221 
1186 1222 
1187 1225 
1188 1226 
1191 1227 
1192 1228 
1193 1231 
1194 1232 
1197 1233 
1198 1234 
1199 1237 
1200 1238 
1203 1239 
1204 1240 
1205 1243 
1206 1244 
1209 1245 
1210 1246 
1211 1249 
1212 1250 
1215 1251 
1216 1252 
1217 1255 
1218 1256 
1258 1296 
1259 1297 
1262 1298 
1263 1299 
1264 1302 
1265 1303 
1268 1304 
1269 1305 
1270 1308 
1271 1309 
1274 1310 
1275 1311 
1276 1314 
1277 1315 
1280 1316 
1281 1317 
1282 1320 
1283 1321 
1286 1322 
1287 1323 
1288 1326 
1289 1327 
1292 1328 
1293 1329 
