1 1.513849e-02 3.330802e-02 3.435498e+00 1.635572e-02
2 2.130401e-03 4.994668e-03 2.705403e+00 2.338677e-03
3 2.449163e-03 4.883681e-03 2.438791e+00 2.681888e-03
4 2.414518e-03 5.054640e-03 2.257286e+00 2.652764e-03
5 2.612412e-03 5.419745e-03 2.155828e+00 2.843991e-03
6 2.298958e-03 4.693295e-03 2.077700e+00 2.484764e-03
7 2.096572e-03 4.358939e-03 2.002457e+00 2.269786e-03
8 2.027443e-03 5.066014e-03 1.922318e+00 2.201663e-03
9 2.126260e-03 5.967393e-03 1.816156e+00 2.337329e-03
10 2.172654e-03 6.217206e-03 1.705442e+00 2.391231e-03
11 2.012328e-03 5.865033e-03 1.612940e+00 2.219267e-03
12 1.768258e-03 5.390625e-03 1.546067e+00 1.964823e-03
13 1.551710e-03 4.845296e-03 1.495525e+00 1.735726e-03
14 1.380841e-03 4.341333e-03 1.456246e+00 1.559351e-03
15 1.253226e-03 3.891916e-03 1.425461e+00 1.425728e-03
16 1.147736e-03 3.559839e-03 1.401356e+00 1.322925e-03
17 1.051555e-03 3.264285e-03 1.382564e+00 1.228065e-03
18 9.648229e-04 2.981363e-03 1.367420e+00 1.146703e-03
19 8.946113e-04 3.071111e-03 1.354357e+00 1.083705e-03
20 8.433394e-04 3.053134e-03 1.343062e+00 1.034913e-03
21 8.085124e-04 2.886975e-03 1.333545e+00 9.940726e-04
22 7.846793e-04 2.726694e-03 1.325298e+00 9.649424e-04
23 7.679107e-04 2.628987e-03 1.317916e+00 9.429761e-04
24 7.566978e-04 2.640495e-03 1.311162e+00 9.268362e-04
25 7.497130e-04 2.638543e-03 1.304879e+00 9.126217e-04
26 7.448856e-04 2.646643e-03 1.298946e+00 9.045676e-04
27 7.423033e-04 2.645222e-03 1.293272e+00 8.984926e-04
28 7.415951e-04 2.671241e-03 1.287788e+00 8.951132e-04
29 7.409284e-04 2.649144e-03 1.282448e+00 8.899033e-04
30 7.415163e-04 2.651219e-03 1.277220e+00 8.873588e-04
31 7.434335e-04 2.662074e-03 1.272082e+00 8.869534e-04
32 7.445915e-04 2.629127e-03 1.267016e+00 8.849224e-04
33 7.470678e-04 2.636747e-03 1.262010e+00 8.863266e-04
34 7.502908e-04 2.640889e-03 1.257054e+00 8.880846e-04
35 7.532204e-04 2.632216e-03 1.252146e+00 8.892353e-04
36 7.565412e-04 2.624743e-03 1.247285e+00 8.918932e-04
37 7.600061e-04 2.616706e-03 1.242478e+00 8.924992e-04
38 7.625193e-04 2.608343e-03 1.237733e+00 8.944700e-04
39 7.645578e-04 2.596552e-03 1.233064e+00 8.953111e-04
40 7.646647e-04 2.582263e-03 1.228485e+00 8.955148e-04
41 7.628620e-04 2.569500e-03 1.224011e+00 8.947896e-04
42 7.610556e-04 2.585944e-03 1.219650e+00 8.948111e-04
43 7.548600e-04 2.545401e-03 1.215406e+00 8.881721e-04
44 7.473314e-04 2.498417e-03 1.211263e+00 8.797112e-04
45 7.374812e-04 2.470137e-03 1.207179e+00 8.714215e-04
46 7.253138e-04 2.428372e-03 1.203056e+00 8.610031e-04
47 7.128963e-04 2.402615e-03 1.198713e+00 8.506485e-04
48 6.975708e-04 2.326059e-03 1.193986e+00 8.366899e-04
49 6.827494e-04 2.282357e-03 1.189130e+00 8.239551e-04
50 6.672687e-04 2.237290e-03 1.184528e+00 8.106854e-04
51 6.529379e-04 2.167490e-03 1.180192e+00 7.953595e-04
52 6.398106e-04 2.099491e-03 1.176107e+00 7.807309e-04
53 6.270272e-04 2.046744e-03 1.172289e+00 7.676487e-04
54 6.155495e-04 1.989341e-03 1.168699e+00 7.549800e-04
55 6.051448e-04 1.932616e-03 1.165294e+00 7.432582e-04
56 5.942937e-04 1.862721e-03 1.162049e+00 7.310297e-04
57 5.839082e-04 1.798621e-03 1.158949e+00 7.197661e-04
58 5.749550e-04 1.741831e-03 1.155981e+00 7.095868e-04
59 5.662266e-04 1.671815e-03 1.153127e+00 6.983057e-04
60 5.594444e-04 1.640774e-03 1.150362e+00 6.896133e-04
61 5.547508e-04 1.611466e-03 1.147654e+00 6.823452e-04
62 5.488017e-04 1.559740e-03 1.144973e+00 6.742285e-04
63 5.450452e-04 1.510442e-03 1.142295e+00 6.676795e-04
64 5.426763e-04 1.487814e-03 1.139603e+00 6.627632e-04
65 5.408501e-04 1.483675e-03 1.136901e+00 6.584954e-04
66 5.397909e-04 1.477717e-03 1.134213e+00 6.543806e-04
67 5.360646e-04 1.479760e-03 1.131584e+00 6.485298e-04
68 5.306149e-04 1.465425e-03 1.129066e+00 6.418438e-04
69 5.206896e-04 1.463718e-03 1.126704e+00 6.315267e-04
70 5.115105e-04 1.430605e-03 1.124519e+00 6.205082e-04
71 4.980343e-04 1.413102e-03 1.122509e+00 6.060803e-04
72 4.843146e-04 1.378684e-03 1.120658e+00 5.915277e-04
73 4.716426e-04 1.334879e-03 1.118942e+00 5.769003e-04
74 4.563524e-04 1.310394e-03 1.117340e+00 5.605686e-04
75 4.451055e-04 1.267422e-03 1.115833e+00 5.459404e-04
76 4.318290e-04 1.228616e-03 1.114407e+00 5.320839e-04
77 4.205204e-04 1.205161e-03 1.113051e+00 5.173028e-04
78 4.117422e-04 1.162563e-03 1.111756e+00 5.050846e-04
79 4.003587e-04 1.136978e-03 1.110516e+00 4.923605e-04
80 3.920816e-04 1.106685e-03 1.109324e+00 4.807539e-04
81 3.831700e-04 1.084234e-03 1.108175e+00 4.693496e-04
82 3.751768e-04 1.050682e-03 1.107066e+00 4.599724e-04
83 3.692851e-04 1.032521e-03 1.105993e+00 4.494119e-04
84 3.622350e-04 1.012900e-03 1.104954e+00 4.400499e-04
85 3.559288e-04 9.872984e-04 1.103944e+00 4.320181e-04
86 3.503688e-04 9.694101e-04 1.102962e+00 4.237568e-04
87 3.445940e-04 9.622230e-04 1.102007e+00 4.151503e-04
88 3.397446e-04 9.453742e-04 1.101076e+00 4.079398e-04
89 3.353633e-04 9.250279e-04 1.100167e+00 4.015763e-04
90 3.302303e-04 9.135593e-04 1.099280e+00 3.949021e-04
91 3.250893e-04 9.007277e-04 1.098413e+00 3.888234e-04
92 3.214427e-04 8.971246e-04 1.097566e+00 3.821730e-04
93 3.171062e-04 8.802132e-04 1.096736e+00 3.770793e-04
94 3.133689e-04 8.712769e-04 1.095924e+00 3.715947e-04
95 3.096733e-04 8.712534e-04 1.095129e+00 3.657076e-04
96 3.063436e-04 8.515783e-04 1.094349e+00 3.615790e-04
97 3.033933e-04 8.419744e-04 1.093586e+00 3.568439e-04
98 2.987688e-04 8.439186e-04 1.092837e+00 3.517195e-04
99 2.978684e-04 8.218085e-04 1.092103e+00 3.481427e-04
100 2.936986e-04 8.209699e-04 1.091383e+00 3.433318e-04
101 2.899296e-04 8.206584e-04 1.090677e+00 3.387585e-04
102 2.865877e-04 8.040263e-04 1.089984e+00 3.355422e-04
103 2.847349e-04 7.962000e-04 1.089305e+00 3.313078e-04
104 2.808841e-04 7.916798e-04 1.088638e+00 3.274886e-04
105 2.796907e-04 7.808142e-04 1.087984e+00 3.236349e-04
106 2.763867e-04 7.728300e-04 1.087343e+00 3.201186e-04
107 2.736234e-04 7.693105e-04 1.086714e+00 3.161082e-04
108 2.701092e-04 7.578017e-04 1.086097e+00 3.130049e-04
109 2.672901e-04 7.492949e-04 1.085492e+00 3.095972e-04
110 2.646410e-04 7.481248e-04 1.084899e+00 3.056648e-04
111 2.616614e-04 7.364399e-04 1.084317e+00 3.025604e-04
112 2.601939e-04 7.233119e-04 1.083747e+00 2.990705e-04
113 2.568169e-04 7.191306e-04 1.083189e+00 2.957029e-04
114 2.548173e-04 7.046332e-04 1.082642e+00 2.926092e-04
115 2.523349e-04 6.960268e-04 1.082107e+00 2.892917e-04
116 2.485961e-04 6.940567e-04 1.081583e+00 2.859283e-04
117 2.462056e-04 6.843831e-04 1.081070e+00 2.826302e-04
118 2.434153e-04 6.743616e-04 1.080569e+00 2.794714e-04
119 2.404529e-04 6.651533e-04 1.080079e+00 2.764153e-04
120 2.380749e-04 6.539704e-04 1.079599e+00 2.731696e-04
121 2.358289e-04 6.468712e-04 1.079131e+00 2.697444e-04
122 2.330017e-04 6.350958e-04 1.078674e+00 2.666658e-04
123 2.303556e-04 6.266509e-04 1.078228e+00 2.634872e-04
124 2.278313e-04 6.155483e-04 1.077792e+00 2.603115e-04
125 2.246705e-04 6.062517e-04 1.077367e+00 2.573806e-04
126 2.227449e-04 5.946128e-04 1.076953e+00 2.539912e-04
127 2.197722e-04 5.842958e-04 1.076549e+00 2.509750e-04
128 2.172104e-04 5.742334e-04 1.076155e+00 2.477631e-04
129 2.142051e-04 5.641576e-04 1.075771e+00 2.447737e-04
130 2.116531e-04 5.555903e-04 1.075397e+00 2.415958e-04
131 2.083765e-04 5.458196e-04 1.075032e+00 2.386859e-04
132 2.057866e-04 5.399762e-04 1.074678e+00 2.354866e-04
133 2.034438e-04 5.271689e-04 1.074332e+00 2.324917e-04
134 2.005220e-04 5.196575e-04 1.073995e+00 2.295135e-04
135 1.980166e-04 5.087505e-04 1.073668e+00 2.265528e-04
136 1.957850e-04 5.007211e-04 1.073349e+00 2.233901e-04
137 1.929492e-04 4.936739e-04 1.073038e+00 2.206089e-04
138 1.904448e-04 4.862733e-04 1.072736e+00 2.177021e-04
139 1.881290e-04 4.782450e-04 1.072442e+00 2.148157e-04
140 1.852853e-04 4.731623e-04 1.072156e+00 2.120187e-04
141 1.831227e-04 4.637432e-04 1.071877e+00 2.089551e-04
142 1.809716e-04 4.555014e-04 1.071606e+00 2.061708e-04
143 1.776118e-04 4.553087e-04 1.071341e+00 2.038462e-04
144 1.762926e-04 4.412001e-04 1.071084e+00 2.006386e-04
145 1.732440e-04 4.387454e-04 1.070834e+00 1.980823e-04
146 1.709241e-04 4.324133e-04 1.070591e+00 1.954853e-04
147 1.683434e-04 4.274319e-04 1.070353e+00 1.928503e-04
148 1.664893e-04 4.181608e-04 1.070123e+00 1.900783e-04
149 1.640955e-04 4.129340e-04 1.069898e+00 1.875943e-04
150 1.624657e-04 4.038924e-04 1.069679e+00 1.849394e-04
151 1.598931e-04 4.000009e-04 1.069466e+00 1.825600e-04
152 1.569927e-04 3.987024e-04 1.069259e+00 1.803966e-04
153 1.551128e-04 3.927963e-04 1.069057e+00 1.778625e-04
154 1.535097e-04 3.867474e-04 1.068861e+00 1.752311e-04
155 1.513589e-04 3.843473e-04 1.068669e+00 1.728800e-04
156 1.495087e-04 3.802641e-04 1.068483e+00 1.705024e-04
157 1.467840e-04 3.817343e-04 1.068301e+00 1.684701e-04
158 1.453786e-04 3.747251e-04 1.068125e+00 1.659804e-04
159 1.433483e-04 3.720249e-04 1.067953e+00 1.637854e-04
160 1.414088e-04 3.692250e-04 1.067785e+00 1.616932e-04
161 1.397479e-04 3.643565e-04 1.067622e+00 1.594305e-04
162 1.379502e-04 3.606554e-04 1.067463e+00 1.573033e-04
163 1.361822e-04 3.557217e-04 1.067308e+00 1.550776e-04
164 1.339405e-04 3.553290e-04 1.067158e+00 1.532603e-04
165 1.320855e-04 3.514744e-04 1.067011e+00 1.512175e-04
166 1.307781e-04 3.451936e-04 1.066868e+00 1.490383e-04
167 1.289404e-04 3.417429e-04 1.066729e+00 1.470811e-04
168 1.274302e-04 3.366517e-04 1.066593e+00 1.450821e-04
1 1.395665e-02 3.327192e-02 3.485201e+00 1.504615e-02
2 2.664554e-03 5.863840e-03 2.734443e+00 3.004597e-03
3 9.225365e-04 3.485691e-03 2.672578e+00 1.107206e-03
4 4.923942e-03 6.838673e-03 2.456336e+00 4.977316e-03
5 2.329247e-03 4.055449e-03 2.401271e+00 2.483181e-03
6 2.141108e-03 4.396648e-03 2.280133e+00 2.332913e-03
7 2.183731e-03 3.951340e-03 2.223643e+00 2.341353e-03
8 1.915366e-03 3.954515e-03 2.125965e+00 2.071100e-03
9 1.774997e-03 3.790210e-03 2.070771e+00 1.941429e-03
10 1.527125e-03 3.545532e-03 2.009578e+00 1.674816e-03
11 1.405891e-03 3.360092e-03 1.953802e+00 1.539980e-03
12 1.323145e-03 2.996484e-03 1.914157e+00 1.459049e-03
13 1.202444e-03 2.820853e-03 1.865917e+00 1.357686e-03
14 1.165969e-03 2.625076e-03 1.833000e+00 1.300023e-03
15 1.078243e-03 2.590242e-03 1.791940e+00 1.224843e-03
16 1.119261e-03 2.590221e-03 1.764947e+00 1.235745e-03
17 9.996940e-04 2.411177e-03 1.716087e+00 1.111122e-03
18 1.073833e-03 2.896073e-03 1.688581e+00 1.185026e-03
19 9.615697e-04 3.012007e-03 1.635144e+00 1.072197e-03
20 1.030252e-03 3.476598e-03 1.609404e+00 1.139947e-03
21 1.086464e-03 3.957253e-03 1.560751e+00 1.222283e-03
22 9.237388e-04 3.755901e-03 1.538462e+00 1.052751e-03
23 1.048272e-03 3.651742e-03 1.503602e+00 1.165396e-03
24 8.141234e-04 3.496825e-03 1.482070e+00 9.257606e-04
25 7.737298e-04 3.315343e-03 1.463311e+00 8.776396e-04
26 7.280553e-04 3.144523e-03 1.447660e+00 8.351383e-04
27 6.994808e-04 2.884428e-03 1.435496e+00 7.992143e-04
28 6.623710e-04 2.709571e-03 1.421727e+00 7.695551e-04
29 6.419783e-04 2.493087e-03 1.410169e+00 7.515285e-04
30 6.197137e-04 2.340820e-03 1.396404e+00 7.368917e-04
31 5.973499e-04 2.127865e-03 1.384540e+00 7.086188e-04
32 5.760448e-04 1.999749e-03 1.372452e+00 6.862748e-04
33 5.392720e-04 1.851604e-03 1.363037e+00 6.475374e-04
34 5.067221e-04 1.689401e-03 1.355089e+00 6.079350e-04
35 4.818783e-04 1.663719e-03 1.348030e+00 5.802981e-04
36 4.566431e-04 1.578304e-03 1.342383e+00 5.518062e-04
37 4.303631e-04 1.508806e-03 1.337706e+00 5.232321e-04
38 4.070692e-04 1.443383e-03 1.333692e+00 4.976605e-04
39 3.870922e-04 1.398449e-03 1.330173e+00 4.756115e-04
40 3.680559e-04 1.338069e-03 1.327063e+00 4.540868e-04
41 3.523415e-04 1.308399e-03 1.324293e+00 4.363264e-04
42 3.373002e-04 1.270890e-03 1.321794e+00 4.190403e-04
43 3.248483e-04 1.259776e-03 1.319507e+00 4.043762e-04
44 3.131921e-04 1.239030e-03 1.317383e+00 3.911248e-04
45 3.024357e-04 1.215183e-03 1.315381e+00 3.785240e-04
46 2.930031e-04 1.193117e-03 1.313465e+00 3.672432e-04
47 2.849399e-04 1.173776e-03 1.311609e+00 3.573624e-04
48 2.779074e-04 1.169817e-03 1.309798e+00 3.496739e-04
49 2.718020e-04 1.160695e-03 1.308029e+00 3.427945e-04
50 2.661487e-04 1.151809e-03 1.306312e+00 3.351577e-04
51 2.609547e-04 1.142055e-03 1.304664e+00 3.295012e-04
52 2.558494e-04 1.135430e-03 1.303099e+00 3.236266e-04
53 2.505761e-04 1.130652e-03 1.301624e+00 3.183509e-04
54 2.446355e-04 1.131413e-03 1.300245e+00 3.130317e-04
55 2.388513e-04 1.126714e-03 1.298965e+00 3.072699e-04
56 2.340518e-04 1.107519e-03 1.297784e+00 3.001780e-04
57 2.276997e-04 1.097394e-03 1.296632e+00 2.938542e-04
58 2.282804e-04 1.929820e-03 1.289932e+00 2.960826e-04
59 2.206616e-04 1.072558e-03 1.287602e+00 2.838714e-04
60 2.117488e-04 1.058438e-03 1.286120e+00 2.763056e-04
61 2.043808e-04 1.041042e-03 1.285070e+00 2.684209e-04
62 1.971061e-04 1.015982e-03 1.284258e+00 2.604531e-04
63 1.909413e-04 9.836024e-04 1.283581e+00 2.519604e-04
64 1.834466e-04 9.622982e-04 1.282988e+00 2.450043e-04
65 1.775114e-04 9.318868e-04 1.282454e+00 2.375432e-04
66 1.720930e-04 9.013369e-04 1.281966e+00 2.304072e-04
67 1.669891e-04 8.728930e-04 1.281515e+00 2.237737e-04
68 1.627462e-04 8.417039e-04 1.281096e+00 2.173172e-04
69 1.573538e-04 8.257510e-04 1.280703e+00 2.125466e-04
70 1.541703e-04 7.921250e-04 1.280334e+00 2.063154e-04
71 1.504648e-04 7.688765e-04 1.279985e+00 2.013837e-04
72 1.468445e-04 7.453896e-04 1.279655e+00 1.968783e-04
73 1.442200e-04 7.211695e-04 1.279340e+00 1.922528e-04
74 1.412533e-04 6.960193e-04 1.279041e+00 1.881340e-04
75 1.387224e-04 6.771735e-04 1.278754e+00 1.843387e-04
76 1.368799e-04 6.539324e-04 1.278479e+00 1.803542e-04
77 1.345950e-04 6.353401e-04 1.278214e+00 1.770845e-04
78 1.327611e-04 6.169545e-04 1.277960e+00 1.738589e-04
79 1.311766e-04 5.941800e-04 1.277714e+00 1.705638e-04
80 1.291182e-04 5.813035e-04 1.277477e+00 1.680900e-04
81 1.277740e-04 5.646513e-04 1.277248e+00 1.652839e-04
82 1.266064e-04 5.457619e-04 1.277025e+00 1.624861e-04
83 1.248233e-04 5.355785e-04 1.276809e+00 1.605357e-04
84 1.236604e-04 5.225149e-04 1.276599e+00 1.582906e-04
85 1.223948e-04 5.072467e-04 1.276395e+00 1.560698e-04
86 1.214581e-04 4.977098e-04 1.276196e+00 1.541814e-04
87 1.203152e-04 4.827058e-04 1.276002e+00 1.520630e-04
88 1.193268e-04 4.711490e-04 1.275813e+00 1.502079e-04
89 1.182430e-04 4.666196e-04 1.275628e+00 1.485952e-04
90 1.173528e-04 4.651101e-04 1.275447e+00 1.470505e-04
91 1.165383e-04 4.632537e-04 1.275270e+00 1.453338e-04
1 1.464016e-02 3.320283e-02 3.433429e+00 1.577051e-02
2 2.224313e-03 5.957891e-03 2.718864e+00 2.449009e-03
3 1.920630e-03 4.444521e-03 2.483512e+00 2.139093e-03
4 2.082881e-03 4.453096e-03 2.301731e+00 2.316841e-03
5 2.548188e-03 5.269772e-03 2.200361e+00 2.793721e-03
6 2.307490e-03 4.620673e-03 2.119121e+00 2.507178e-03
7 2.048008e-03 4.005154e-03 2.059789e+00 2.240317e-03
8 1.816629e-03 3.991103e-03 2.003703e+00 1.995806e-03
9 1.682317e-03 3.972059e-03 1.939382e+00 1.852334e-03
10 1.654785e-03 4.349123e-03 1.874379e+00 1.828674e-03
11 1.727818e-03 4.768602e-03 1.793344e+00 1.901614e-03
12 1.817144e-03 4.887710e-03 1.698790e+00 1.991819e-03
13 1.740132e-03 4.644062e-03 1.616512e+00 1.917448e-03
14 1.526842e-03 4.269595e-03 1.557996e+00 1.697557e-03
15 1.348751e-03 3.904978e-03 1.514489e+00 1.509337e-03
16 1.235375e-03 3.733625e-03 1.478231e+00 1.392043e-03
17 1.156662e-03 3.583599e-03 1.447461e+00 1.311949e-03
18 1.089579e-03 3.418281e-03 1.422148e+00 1.245136e-03
19 1.025924e-03 3.228831e-03 1.401341e+00 1.185003e-03
20 9.675092e-04 3.064774e-03 1.383710e+00 1.135107e-03
21 9.194565e-04 2.859770e-03 1.368412e+00 1.087226e-03
22 8.757936e-04 2.667975e-03 1.355659e+00 1.042052e-03
23 8.335090e-04 2.646364e-03 1.345067e+00 1.007488e-03
24 8.032674e-04 2.652144e-03 1.335799e+00 9.741219e-04
25 7.822113e-04 2.669064e-03 1.327373e+00 9.466091e-04
26 7.665044e-04 2.677001e-03 1.319449e+00 9.281145e-04
27 7.560372e-04 2.689150e-03 1.311791e+00 9.155402e-04
28 7.486199e-04 2.713481e-03 1.304441e+00 9.064602e-04
29 7.429046e-04 2.709061e-03 1.297551e+00 8.974677e-04
30 7.390242e-04 2.699168e-03 1.291121e+00 8.891590e-04
31 7.362830e-04 2.712504e-03 1.285038e+00 8.849264e-04
32 7.362487e-04 2.699757e-03 1.279176e+00 8.812412e-04
33 7.382819e-04 2.693031e-03 1.273445e+00 8.793619e-04
34 7.421934e-04 2.662260e-03 1.267793e+00 8.790169e-04
35 7.466526e-04 2.672692e-03 1.262195e+00 8.833839e-04
36 7.528961e-04 2.635965e-03 1.256644e+00 8.854648e-04
37 7.590742e-04 2.634940e-03 1.251139e+00 8.903594e-04
38 7.658548e-04 2.621721e-03 1.245682e+00 8.943018e-04
39 7.726058e-04 2.637759e-03 1.240275e+00 9.017415e-04
40 7.784974e-04 2.604851e-03 1.234928e+00 9.055824e-04
41 7.837873e-04 2.563680e-03 1.229658e+00 9.078934e-04
42 7.867565e-04 2.552739e-03 1.224491e+00 9.111180e-04
43 7.870756e-04 2.561032e-03 1.219456e+00 9.140668e-04
44 7.850463e-04 2.519094e-03 1.214580e+00 9.104566e-04
45 7.797887e-04 2.511434e-03 1.209891e+00 9.072557e-04
46 7.712734e-04 2.470483e-03 1.205405e+00 8.994053e-04
47 7.599271e-04 2.429014e-03 1.201134e+00 8.892614e-04
48 7.465914e-04 2.384887e-03 1.197078e+00 8.765828e-04
49 7.307806e-04 2.328060e-03 1.193228e+00 8.619777e-04
50 7.136452e-04 2.285641e-03 1.189571e+00 8.474303e-04
51 6.969367e-04 2.204795e-03 1.186087e+00 8.294626e-04
52 6.796876e-04 2.158352e-03 1.182756e+00 8.138702e-04
53 6.634923e-04 2.088102e-03 1.179555e+00 7.971338e-04
54 6.481330e-04 2.035564e-03 1.176465e+00 7.826366e-04
55 6.347453e-04 1.964539e-03 1.173469e+00 7.674491e-04
56 6.220180e-04 1.897766e-03 1.170556e+00 7.538822e-04
57 6.108527e-04 1.839963e-03 1.167719e+00 7.418503e-04
58 6.007593e-04 1.789736e-03 1.164962e+00 7.291681e-04
59 5.910846e-04 1.775418e-03 1.162291e+00 7.194423e-04
60 5.821460e-04 1.756631e-03 1.159720e+00 7.094822e-04
61 5.721942e-04 1.722537e-03 1.157259e+00 6.980955e-04
62 5.618125e-04 1.688580e-03 1.154915e+00 6.861899e-04
63 5.498437e-04 1.640972e-03 1.152689e+00 6.728601e-04
64 5.382421e-04 1.612102e-03 1.150574e+00 6.601909e-04
65 5.259543e-04 1.569178e-03 1.148559e+00 6.462870e-04
66 5.142631e-04 1.533732e-03 1.146629e+00 6.328347e-04
67 5.019004e-04 1.479981e-03 1.144767e+00 6.182243e-04
68 4.916202e-04 1.445293e-03 1.142955e+00 6.056831e-04
69 4.801907e-04 1.415659e-03 1.141173e+00 5.912149e-04
70 4.709659e-04 1.412644e-03 1.139401e+00 5.787365e-04
71 4.641757e-04 1.392798e-03 1.137619e+00 5.687626e-04
72 4.577907e-04 1.394637e-03 1.135804e+00 5.588333e-04
73 4.544295e-04 1.385198e-03 1.133936e+00 5.515709e-04
74 4.514828e-04 1.387880e-03 1.132000e+00 5.453108e-04
75 4.485614e-04 1.401393e-03 1.129994e+00 5.397762e-04
76 4.484923e-04 1.401445e-03 1.127937e+00 5.363649e-04
77 4.461313e-04 1.423872e-03 1.125871e+00 5.310376e-04
78 4.417580e-04 1.423701e-03 1.123855e+00 5.261714e-04
79 4.361600e-04 1.423775e-03 1.121951e+00 5.186334e-04
80 4.263345e-04 1.424770e-03 1.120205e+00 5.082746e-04
81 4.167629e-04 1.400407e-03 1.118630e+00 4.969873e-04
82 4.027559e-04 1.384788e-03 1.117217e+00 4.832281e-04
83 3.913079e-04 1.338453e-03 1.115941e+00 4.709891e-04
84 3.764880e-04 1.320269e-03 1.114777e+00 4.556116e-04
85 3.651654e-04 1.276194e-03 1.113702e+00 4.426397e-04
86 3.532840e-04 1.250103e-03 1.112697e+00 4.285741e-04
87 3.420076e-04 1.215945e-03 1.111751e+00 4.161288e-04
88 3.329425e-04 1.174797e-03 1.110854e+00 4.049852e-04
89 3.235270e-04 1.143935e-03 1.109998e+00 3.939561e-04
90 3.157806e-04 1.112836e-03 1.109177e+00 3.836899e-04
91 3.082486e-04 1.086418e-03 1.108388e+00 3.740260e-04
92 3.017550e-04 1.054847e-03 1.107626e+00 3.656462e-04
93 2.966292e-04 1.031611e-03 1.106888e+00 3.570671e-04
94 2.899410e-04 1.014059e-03 1.106172e+00 3.491268e-04
95 2.852297e-04 9.843118e-04 1.105476e+00 3.427779e-04
96 2.803046e-04 9.729205e-04 1.104797e+00 3.354440e-04
97 2.760730e-04 9.503300e-04 1.104134e+00 3.296643e-04
98 2.728491e-04 9.313613e-04 1.103486e+00 3.239987e-04
99 2.690147e-04 9.201675e-04 1.102852e+00 3.183081e-04
100 2.648945e-04 9.052890e-04 1.102231e+00 3.134129e-04
101 2.609640e-04 8.890138e-04 1.101622e+00 3.090878e-04
102 2.588033e-04 8.759710e-04 1.101024e+00 3.044756e-04
103 2.560173e-04 8.605227e-04 1.100437e+00 3.005748e-04
104 2.521991e-04 8.512756e-04 1.099861e+00 2.966932e-04
105 2.494368e-04 8.431826e-04 1.099295e+00 2.926933e-04
106 2.466500e-04 8.328681e-04 1.098738e+00 2.891840e-04
107 2.452552e-04 8.168142e-04 1.098192e+00 2.861413e-04
108 2.423827e-04 8.112953e-04 1.097654e+00 2.825263e-04
109 2.401496e-04 7.990740e-04 1.097126e+00 2.796253e-04
110 2.370686e-04 7.907655e-04 1.096606e+00 2.765911e-04
111 2.354301e-04 7.813527e-04 1.096096e+00 2.735661e-04
112 2.332079e-04 7.695144e-04 1.095594e+00 2.709089e-04
113 2.300133e-04 7.570428e-04 1.095101e+00 2.687448e-04
114 2.284310e-04 7.476478e-04 1.094616e+00 2.657327e-04
115 2.266331e-04 7.413615e-04 1.094140e+00 2.630177e-04
116 2.239835e-04 7.345166e-04 1.093672e+00 2.605851e-04
117 2.225113e-04 7.217454e-04 1.093213e+00 2.583332e-04
118 2.201728e-04 7.188958e-04 1.092761e+00 2.555575e-04
119 2.188933e-04 7.146623e-04 1.092318e+00 2.527168e-04
120 2.171794e-04 7.039646e-04 1.091883e+00 2.505014e-04
121 2.142587e-04 6.953458e-04 1.091456e+00 2.482227e-04
122 2.133667e-04 6.857765e-04 1.091038e+00 2.456939e-04
123 2.106461e-04 6.840670e-04 1.090627e+00 2.429695e-04
124 2.084970e-04 6.712763e-04 1.090224e+00 2.409027e-04
125 2.063021e-04 6.619140e-04 1.089829e+00 2.386362e-04
126 2.042757e-04 6.547284e-04 1.089442e+00 2.362378e-04
127 2.025016e-04 6.474448e-04 1.089063e+00 2.336676e-04
128 2.001412e-04 6.401296e-04 1.088691e+00 2.313250e-04
129 1.980745e-04 6.279192e-04 1.088328e+00 2.291556e-04
130 1.965289e-04 6.212002e-04 1.087972e+00 2.264958e-04
131 1.944288e-04 6.115798e-04 1.087624e+00 2.241924e-04
132 1.924352e-04 5.995585e-04 1.087283e+00 2.218940e-04
133 1.902830e-04 5.912327e-04 1.086950e+00 2.195023e-04
134 1.880634e-04 5.818431e-04 1.086625e+00 2.172400e-04
135 1.865691e-04 5.726404e-04 1.086307e+00 2.146942e-04
136 1.840841e-04 5.612370e-04 1.085997e+00 2.124965e-04
137 1.819010e-04 5.517156e-04 1.085693e+00 2.102796e-04
138 1.805559e-04 5.392012e-04 1.085397e+00 2.078813e-04
139 1.781449e-04 5.377659e-04 1.085108e+00 2.050471e-04
140 1.759939e-04 5.312750e-04 1.084827e+00 2.025687e-04
141 1.739275e-04 5.127490e-04 1.084552e+00 2.006876e-04
142 1.714706e-04 5.071361e-04 1.084284e+00 1.983991e-04
143 1.696331e-04 5.033095e-04 1.084022e+00 1.957520e-04
144 1.671989e-04 5.048696e-04 1.083768e+00 1.935991e-04
145 1.657664e-04 4.985610e-04 1.083519e+00 1.910823e-04
146 1.633166e-04 5.001175e-04 1.083277e+00 1.889208e-04
147 1.612637e-04 4.988623e-04 1.083041e+00 1.867233e-04
148 1.595791e-04 4.942386e-04 1.082812e+00 1.842722e-04
149 1.572106e-04 4.945999e-04 1.082588e+00 1.820556e-04
150 1.557780e-04 4.882049e-04 1.082370e+00 1.795516e-04
151 1.534545e-04 4.882473e-04 1.082158e+00 1.774575e-04
152 1.517418e-04 4.838568e-04 1.081951e+00 1.751066e-04
153 1.499805e-04 4.797972e-04 1.081750e+00 1.727601e-04
154 1.478943e-04 4.781258e-04 1.081553e+00 1.707247e-04
155 1.460500e-04 4.751415e-04 1.081362e+00 1.686925e-04
156 1.440787e-04 4.720845e-04 1.081176e+00 1.663677e-04
157 1.422966e-04 4.683640e-04 1.080995e+00 1.642323e-04
158 1.404137e-04 4.655916e-04 1.080819e+00 1.622920e-04
159 1.388047e-04 4.604405e-04 1.080647e+00 1.600323e-04
160 1.370204e-04 4.567643e-04 1.080480e+00 1.579420e-04
161 1.349915e-04 4.547638e-04 1.080317e+00 1.560553e-04
162 1.337316e-04 4.478370e-04 1.080158e+00 1.538104e-04
163 1.314576e-04 4.473456e-04 1.080003e+00 1.519828e-04
164 1.300567e-04 4.415487e-04 1.079852e+00 1.500122e-04
165 1.283933e-04 4.374428e-04 1.079706e+00 1.479557e-04
166 1.266271e-04 4.339999e-04 1.079563e+00 1.461837e-04
167 1.250901e-04 4.291655e-04 1.079423e+00 1.442171e-04
1 2.514959e-02 7.541100e-02 1.496394e+01 2.825553e-02
2 9.636901e-03 3.400948e-02 8.324995e+00 1.137547e-02
3 1.436604e-02 3.076735e-02 5.564576e+00 1.590049e-02
4 9.676107e-03 2.216429e-02 4.350689e+00 1.081556e-02
5 7.307395e-03 1.658537e-02 3.649457e+00 8.149446e-03
6 5.728866e-03 1.098261e-02 3.245661e+00 6.267547e-03
7 4.283937e-03 8.452195e-03 3.016164e+00 4.626485e-03
8 3.144729e-03 6.137342e-03 2.883458e+00 3.384713e-03
9 2.339784e-03 5.439199e-03 2.802045e+00 2.524751e-03
10 1.795577e-03 4.744669e-03 2.748366e+00 1.953700e-03
11 1.429926e-03 4.441695e-03 2.710760e+00 1.575206e-03
12 1.179416e-03 4.080212e-03 2.683218e+00 1.316895e-03
13 1.004387e-03 3.749698e-03 2.662368e+00 1.136304e-03
14 8.776194e-04 3.444616e-03 2.646154e+00 1.007044e-03
15 7.845822e-04 3.215205e-03 2.633211e+00 9.130565e-04
16 7.153484e-04 2.973760e-03 2.622576e+00 8.448846e-04
17 6.635713e-04 2.796335e-03 2.613530e+00 7.958313e-04
18 6.263073e-04 2.608697e-03 2.605470e+00 7.601229e-04
19 5.986149e-04 2.456555e-03 2.597789e+00 7.351332e-04
20 5.795917e-04 2.313592e-03 2.589891e+00 7.179288e-04
21 5.646776e-04 2.175502e-03 2.581827e+00 7.036483e-04
22 5.483681e-04 2.047381e-03 2.574674e+00 6.861729e-04
23 5.334936e-04 1.966063e-03 2.568245e+00 6.686498e-04
24 5.202383e-04 1.891011e-03 2.562110e+00 6.512159e-04
25 5.077416e-04 1.839037e-03 2.556106e+00 6.351562e-04
26 4.960046e-04 1.797606e-03 2.550123e+00 6.193311e-04
27 4.800091e-04 1.760622e-03 2.544515e+00 6.000104e-04
28 4.602608e-04 1.740652e-03 2.539684e+00 5.789695e-04
29 4.416214e-04 1.694124e-03 2.535566e+00 5.579594e-04
30 4.254498e-04 1.652270e-03 2.532025e+00 5.393428e-04
31 4.097051e-04 1.620126e-03 2.528987e+00 5.227764e-04
32 3.955380e-04 1.601283e-03 2.526375e+00 5.089562e-04
33 3.844021e-04 1.560203e-03 2.524115e+00 4.958612e-04
34 3.736143e-04 1.537716e-03 2.522141e+00 4.852408e-04
35 3.660790e-04 1.493850e-03 2.520394e+00 4.745831e-04
36 3.591963e-04 1.454675e-03 2.518830e+00 4.651707e-04
37 3.515441e-04 1.431190e-03 2.517414e+00 4.569607e-04
38 3.456524e-04 1.401598e-03 2.516119e+00 4.491860e-04
39 3.409631e-04 1.360401e-03 2.514924e+00 4.409926e-04
40 3.363261e-04 1.327260e-03 2.513815e+00 4.335948e-04
41 3.304468e-04 1.306451e-03 2.512780e+00 4.269510e-04
42 3.274274e-04 1.269327e-03 2.511809e+00 4.199127e-04
43 3.214429e-04 1.249212e-03 2.510895e+00 4.134695e-04
44 3.162682e-04 1.228651e-03 2.510031e+00 4.073431e-04
45 3.138720e-04 1.196792e-03 2.509212e+00 4.009174e-04
46 3.074564e-04 1.191221e-03 2.508434e+00 3.953948e-04
47 3.029402e-04 1.176839e-03 2.507694e+00 3.894621e-04
48 2.980621e-04 1.167542e-03 2.506987e+00 3.839247e-04
49 2.940238e-04 1.153713e-03 2.506313e+00 3.782457e-04
50 2.891231e-04 1.146639e-03 2.505667e+00 3.731671e-04
51 2.855912e-04 1.128983e-03 2.505048e+00 3.672924e-04
52 2.825488e-04 1.111310e-03 2.504454e+00 3.617818e-04
53 2.775052e-04 1.104280e-03 2.503883e+00 3.569139e-04
54 2.734788e-04 1.091329e-03 2.503334e+00 3.518255e-04
55 2.694518e-04 1.079071e-03 2.502806e+00 3.467612e-04
56 2.663352e-04 1.062135e-03 2.502297e+00 3.416054e-04
57 2.643316e-04 1.037580e-03 2.501807e+00 3.359520e-04
58 2.591210e-04 1.031605e-03 2.501334e+00 3.316165e-04
59 2.547034e-04 1.019813e-03 2.500877e+00 3.268886e-04
60 2.520859e-04 1.001193e-03 2.500435e+00 3.219081e-04
61 2.471126e-04 9.947217e-04 2.500009e+00 3.178427e-04
62 2.433906e-04 9.810141e-04 2.499596e+00 3.133988e-04
63 2.410825e-04 9.625254e-04 2.499197e+00 3.083778e-04
64 2.381181e-04 9.531663e-04 2.498811e+00 3.037421e-04
65 2.346964e-04 9.441485e-04 2.498437e+00 2.992945e-04
66 2.307742e-04 9.355641e-04 2.498074e+00 2.952649e-04
67 2.293143e-04 9.271882e-04 2.497723e+00 2.902816e-04
68 2.247854e-04 9.178796e-04 2.497382e+00 2.866223e-04
69 2.228659e-04 9.077915e-04 2.497052e+00 2.818769e-04
70 2.186543e-04 9.004228e-04 2.496731e+00 2.783869e-04
71 2.160878e-04 8.942286e-04 2.496420e+00 2.743666e-04
72 2.127718e-04 8.811799e-04 2.496118e+00 2.703152e-04
73 2.105264e-04 8.697243e-04 2.495825e+00 2.660268e-04
74 2.069796e-04 8.637701e-04 2.495540e+00 2.626796e-04
75 2.034756e-04 8.569103e-04 2.495263e+00 2.596599e-04
76 2.024130e-04 8.468798e-04 2.494994e+00 2.549474e-04
77 1.988082e-04 8.372969e-04 2.494732e+00 2.518781e-04
78 1.968116e-04 8.329298e-04 2.494478e+00 2.482995e-04
79 1.942263e-04 8.215774e-04 2.494230e+00 2.445783e-04
80 1.925627e-04 8.176340e-04 2.493989e+00 2.413774e-04
81 1.892520e-04 8.069001e-04 2.493755e+00 2.381548e-04
82 1.861054e-04 7.929855e-04 2.493528e+00 2.349120e-04
83 1.841869e-04 7.872081e-04 2.493306e+00 2.317121e-04
84 1.813005e-04 7.762792e-04 2.493090e+00 2.287850e-04
85 1.791775e-04 7.656698e-04 2.492880e+00 2.256356e-04
86 1.773195e-04 7.593320e-04 2.492675e+00 2.227214e-04
87 1.750837e-04 7.562301e-04 2.492476e+00 2.202799e-04
88 1.732707e-04 7.480361e-04 2.492281e+00 2.173257e-04
89 1.709671e-04 7.375891e-04 2.492092e+00 2.146398e-04
90 1.691402e-04 7.265950e-04 2.491908e+00 2.115645e-04
91 1.678299e-04 7.232775e-04 2.491728e+00 2.090628e-04
92 1.652332e-04 7.106052e-04 2.491553e+00 2.065853e-04
93 1.640078e-04 7.028327e-04 2.491382e+00 2.038472e-04
94 1.622997e-04 6.958049e-04 2.491215e+00 2.015464e-04
95 1.600416e-04 6.895552e-04 2.491052e+00 1.996432e-04
96 1.590775e-04 6.807501e-04 2.490893e+00 1.968905e-04
97 1.566704e-04 6.725299e-04 2.490738e+00 1.950743e-04
98 1.558249e-04 6.691054e-04 2.490587e+00 1.929816e-04
99 1.534304e-04 6.594340e-04 2.490439e+00 1.912701e-04
100 1.522000e-04 6.529376e-04 2.490294e+00 1.890997e-04
101 1.504548e-04 6.391235e-04 2.490153e+00 1.869339e-04
102 1.495617e-04 6.370853e-04 2.490015e+00 1.850774e-04
103 1.476668e-04 6.278743e-04 2.489880e+00 1.833695e-04
104 1.461945e-04 6.190797e-04 2.489748e+00 1.815851e-04
105 1.454330e-04 6.145754e-04 2.489618e+00 1.796554e-04
106 1.436071e-04 6.101759e-04 2.489492e+00 1.787766e-04
107 1.428136e-04 5.992835e-04 2.489368e+00 1.763269e-04
108 1.418159e-04 5.946238e-04 2.489246e+00 1.748670e-04
109 1.412508e-04 5.910496e-04 2.489127e+00 1.731391e-04
110 1.396597e-04 5.817576e-04 2.489011e+00 1.716499e-04
111 1.390050e-04 5.762655e-04 2.488896e+00 1.700294e-04
112 1.374620e-04 5.685281e-04 2.488784e+00 1.687918e-04
113 1.362697e-04 5.607370e-04 2.488674e+00 1.673857e-04
114 1.353853e-04 5.565058e-04 2.488566e+00 1.660665e-04
115 1.341432e-04 5.517166e-04 2.488459e+00 1.650852e-04
116 1.327522e-04 5.446888e-04 2.488355e+00 1.642336e-04
117 1.325411e-04 5.394545e-04 2.488252e+00 1.622454e-04
118 1.319090e-04 5.340017e-04 2.488151e+00 1.607716e-04
119 1.304734e-04 5.272906e-04 2.488052e+00 1.598833e-04
120 1.300255e-04 5.226164e-04 2.487954e+00 1.585304e-04
121 1.292314e-04 5.149485e-04 2.487858e+00 1.571061e-04
122 1.278794e-04 5.116403e-04 2.487762e+00 1.565193e-04
123 1.270811e-04 5.011037e-04 2.487669e+00 1.549969e-04
124 1.269518e-04 5.000632e-04 2.487576e+00 1.536911e-04
125 1.256174e-04 4.969272e-04 2.487485e+00 1.531972e-04
126 1.245410e-04 4.847896e-04 2.487394e+00 1.518841e-04
127 1.238800e-04 4.842198e-04 2.487305e+00 1.509878e-04
128 1.231315e-04 4.809141e-04 2.487216e+00 1.502458e-04
129 1.221528e-04 4.744728e-04 2.487128e+00 1.492660e-04
130 1.217375e-04 4.682505e-04 2.487041e+00 1.478132e-04
131 1.206692e-04 4.642795e-04 2.486955e+00 1.472490e-04
132 1.194973e-04 4.598583e-04 2.486869e+00 1.468731e-04
133 1.194981e-04 4.546290e-04 2.486783e+00 1.450425e-04
134 1.191251e-04 4.507195e-04 2.486698e+00 1.439447e-04
135 1.182549e-04 4.476421e-04 2.486612e+00 1.432824e-04
136 1.173037e-04 4.395696e-04 2.486527e+00 1.423115e-04
137 1.166711e-04 4.375961e-04 2.486442e+00 1.416003e-04
138 1.160312e-04 4.345324e-04 2.486357e+00 1.407922e-04
139 1.152156e-04 4.266124e-04 2.486271e+00 1.399827e-04
140 1.146027e-04 4.232195e-04 2.486185e+00 1.388874e-04
141 1.140363e-04 4.195671e-04 2.486099e+00 1.380205e-04
142 1.129718e-04 4.150879e-04 2.486013e+00 1.375044e-04
143 1.122284e-04 4.111327e-04 2.485927e+00 1.367868e-04
144 1.121076e-04 4.038481e-04 2.485840e+00 1.354030e-04
145 1.110247e-04 4.015960e-04 2.485754e+00 1.349846e-04
146 1.100852e-04 3.967697e-04 2.485667e+00 1.344940e-04
147 1.100335e-04 3.953450e-04 2.485581e+00 1.332651e-04
148 1.091518e-04 3.910266e-04 2.485494e+00 1.326780e-04
149 1.086758e-04 3.892035e-04 2.485409e+00 1.320407e-04
150 1.078411e-04 3.836952e-04 2.485323e+00 1.313149e-04
151 1.071750e-04 3.795808e-04 2.485239e+00 1.305904e-04
152 1.066555e-04 3.787062e-04 2.485155e+00 1.300470e-04
153 1.064790e-04 3.746906e-04 2.485072e+00 1.289252e-04
154 1.059746e-04 3.686331e-04 2.484990e+00 1.280316e-04
155 1.051774e-04 3.673747e-04 2.484910e+00 1.276746e-04
156 1.045888e-04 3.637152e-04 2.484830e+00 1.269700e-04
157 1.042083e-04 3.603867e-04 2.484752e+00 1.261940e-04
158 1.032391e-04 3.562954e-04 2.484675e+00 1.258603e-04
159 1.030108e-04 3.519055e-04 2.484599e+00 1.248820e-04
160 1.022476e-04 3.499621e-04 2.484525e+00 1.245130e-04
161 1.017140e-04 3.437047e-04 2.484452e+00 1.238394e-04
162 1.010044e-04 3.437424e-04 2.484381e+00 1.235394e-04
163 1.007667e-04 3.390340e-04 2.484312e+00 1.225278e-04
164 1.005503e-04 3.400249e-04 2.484244e+00 1.218559e-04
165 9.975638e-05 3.361976e-04 2.484177e+00 1.214285e-04
166 9.921898e-05 3.334932e-04 2.484112e+00 1.208671e-04
167 9.878657e-05 3.307538e-04 2.484048e+00 1.202204e-04
168 9.813384e-05 3.293774e-04 2.483986e+00 1.198941e-04
169 9.837918e-05 3.255433e-04 2.483926e+00 1.186333e-04
170 9.779545e-05 3.255150e-04 2.483866e+00 1.182834e-04
171 9.687587e-05 3.190859e-04 2.483809e+00 1.177641e-04
172 9.653047e-05 3.185595e-04 2.483752e+00 1.171846e-04
173 9.583343e-05 3.152477e-04 2.483697e+00 1.167154e-04
174 9.553088e-05 3.110104e-04 2.483643e+00 1.158904e-04
175 9.453000e-05 3.116898e-04 2.483591e+00 1.160941e-04
176 9.438684e-05 3.078196e-04 2.483539e+00 1.149266e-04
177 9.393079e-05 3.050709e-04 2.483489e+00 1.143320e-04
178 9.329085e-05 3.034766e-04 2.483441e+00 1.139587e-04
179 9.265279e-05 2.985970e-04 2.483393e+00 1.133811e-04
180 9.243514e-05 2.963581e-04 2.483346e+00 1.125546e-04
181 9.169001e-05 2.932745e-04 2.483301e+00 1.121943e-04
182 9.169560e-05 2.907949e-04 2.483256e+00 1.112158e-04
183 9.104314e-05 2.910934e-04 2.483213e+00 1.108290e-04
184 9.077590e-05 2.893518e-04 2.483170e+00 1.101307e-04
185 8.992616e-05 2.859012e-04 2.483129e+00 1.097596e-04
186 8.979507e-05 2.839087e-04 2.483088e+00 1.089412e-04
187 8.930907e-05 2.830068e-04 2.483048e+00 1.084580e-04
188 8.861297e-05 2.807211e-04 2.483010e+00 1.080382e-04
189 8.754867e-05 2.772062e-04 2.482972e+00 1.080225e-04
190 8.782584e-05 2.738545e-04 2.482935e+00 1.066413e-04
191 8.730466e-05 2.725742e-04 2.482898e+00 1.061429e-04
192 8.636756e-05 2.668331e-04 2.482863e+00 1.058829e-04
193 8.607585e-05 2.685462e-04 2.482828e+00 1.052172e-04
194 8.550590e-05 2.672291e-04 2.482794e+00 1.047976e-04
195 8.499676e-05 2.635400e-04 2.482760e+00 1.041868e-04
196 8.477286e-05 2.603687e-04 2.482728e+00 1.033774e-04
197 8.420258e-05 2.589787e-04 2.482695e+00 1.029058e-04
198 8.372471e-05 2.584040e-04 2.482664e+00 1.024429e-04
199 8.345975e-05 2.556646e-04 2.482633e+00 1.016937e-04
200 8.314518e-05 2.559771e-04 2.482603e+00 1.012524e-04
201 8.222750e-05 2.481185e-04 2.482574e+00 1.007049e-04
202 8.182616e-05 2.493183e-04 2.482545e+00 1.001855e-04
203 8.120935e-05 2.452974e-04 2.482516e+00 9.968260e-05
204 8.104110e-05 2.453930e-04 2.482488e+00 9.899435e-05
205 8.076857e-05 2.440738e-04 2.482461e+00 9.848349e-05
1 1.941153e+00 4.590777e+00 2.719499e-03 2.119652e+00
2 1.268684e+00 2.882121e+00 1.320365e-03 1.393119e+00
3 1.494814e+00 2.627732e+00 8.162294e-04 1.621570e+00
4 1.222819e+00 2.406015e+00 6.474772e-04 1.334829e+00
5 9.490554e-01 1.860619e+00 6.013231e-04 1.035632e+00
6 8.611183e-01 1.659645e+00 5.933223e-04 9.382251e-01
7 8.448705e-01 1.625394e+00 5.587120e-04 9.202276e-01
8 7.678696e-01 1.457304e+00 5.519768e-04 8.345884e-01
9 7.515554e-01 1.420520e+00 4.643729e-04 8.164682e-01
10 4.120083e-01 6.776186e-01 4.372223e-04 4.415117e-01
11 2.106817e-01 3.743999e-01 4.323451e-04 2.245741e-01
12 1.678892e-01 3.103628e-01 4.288104e-04 1.789933e-01
13 1.352547e-01 2.551032e-01 4.275213e-04 1.444609e-01
14 1.232206e-01 2.397736e-01 4.268657e-04 1.317447e-01
15 1.167058e-01 2.277522e-01 4.265540e-04 1.247531e-01
16 1.135923e-01 2.244877e-01 4.252626e-04 1.214252e-01
17 1.013915e-01 2.177800e-01 4.233120e-04 1.086753e-01
18 8.221926e-02 2.288428e-01 4.213995e-04 8.859626e-02
19 6.342052e-02 2.242447e-01 4.211038e-04 6.905898e-02
20 6.023744e-02 2.024027e-01 4.208980e-04 6.567570e-02
21 5.822026e-02 1.823721e-01 4.207451e-04 6.350316e-02
22 5.656319e-02 1.597945e-01 4.199853e-04 6.161261e-02
23 4.975532e-02 1.557786e-01 4.198110e-04 5.478816e-02
24 4.807840e-02 1.521375e-01 4.193666e-04 5.301179e-02
25 4.351773e-02 1.384303e-01 4.191801e-04 4.813737e-02
26 4.146652e-02 1.284250e-01 4.184090e-04 4.587132e-02
27 3.280070e-02 1.089942e-01 4.179498e-04 3.669930e-02
28 2.744864e-02 9.030227e-02 4.174052e-04 3.088027e-02
29 2.077183e-02 7.038832e-02 4.171244e-04 2.364826e-02
30 1.740204e-02 5.771644e-02 4.168352e-04 1.993884e-02
31 1.392207e-02 4.635650e-02 4.166206e-04 1.609215e-02
32 1.139731e-02 4.026699e-02 4.164549e-04 1.328194e-02
33 9.515682e-03 3.590583e-02 4.163225e-04 1.116821e-02
34 8.070250e-03 3.296997e-02 4.162136e-04 9.532348e-03
35 6.932806e-03 3.029888e-02 4.161213e-04 8.239158e-03
36 6.186191e-03 2.782939e-02 4.160352e-04 7.414917e-03
37 5.416193e-03 2.568691e-02 4.159628e-04 6.519541e-03
38 4.750501e-03 2.372101e-02 4.159001e-04 5.760881e-03
39 4.254704e-03 2.192968e-02 4.158448e-04 5.193938e-03
40 3.838064e-03 2.031985e-02 4.157955e-04 4.718164e-03
41 3.601006e-03 1.884828e-02 4.157502e-04 4.424724e-03
42 3.162977e-03 1.760627e-02 4.157081e-04 3.951071e-03
43 3.304604e-03 3.263156e-02 4.155983e-04 4.029583e-03
44 3.872454e-03 1.669304e-01 4.152839e-04 6.272479e-03
45 3.596462e-03 1.146076e-01 4.151050e-04 6.058644e-03
46 3.389091e-03 8.916927e-02 4.149929e-04 5.837188e-03
47 3.005287e-03 6.392169e-02 4.149264e-04 4.886149e-03
48 2.606538e-03 3.984470e-02 4.148835e-04 3.945086e-03
49 2.325474e-03 2.447480e-02 4.148523e-04 3.356866e-03
50 2.131459e-03 1.706743e-02 4.148278e-04 2.997892e-03
51 1.981540e-03 1.397693e-02 4.148077e-04 2.743123e-03
52 1.850526e-03 1.156281e-02 4.147907e-04 2.537478e-03
53 1.729679e-03 1.031292e-02 4.147760e-04 2.360568e-03
54 1.617891e-03 9.925048e-03 4.147632e-04 2.204470e-03
55 1.515521e-03 9.532178e-03 4.147519e-04 2.065861e-03
56 1.422372e-03 9.141976e-03 4.147418e-04 1.942383e-03
57 1.337906e-03 8.759385e-03 4.147328e-04 1.832031e-03
58 1.261694e-03 8.387973e-03 4.147246e-04 1.733298e-03
59 1.193201e-03 8.029376e-03 4.147172e-04 1.644734e-03
60 1.131857e-03 7.684756e-03 4.147104e-04 1.565113e-03
61 1.076620e-03 7.354851e-03 4.147041e-04 1.493403e-03
62 1.026713e-03 7.040062e-03 4.146983e-04 1.428727e-03
63 9.815420e-04 6.740460e-03 4.146929e-04 1.370315e-03
64 9.406168e-04 6.514160e-03 4.146879e-04 1.317530e-03
65 9.035087e-04 6.441869e-03 4.146832e-04 1.269833e-03
66 8.698131e-04 6.388832e-03 4.146787e-04 1.226728e-03
67 8.391559e-04 6.361588e-03 4.146744e-04 1.187789e-03
68 8.112046e-04 6.398326e-03 4.146703e-04 1.152610e-03
69 7.856418e-04 6.475493e-03 4.146664e-04 1.120806e-03
70 7.621971e-04 6.542546e-03 4.146627e-04 1.092012e-03
71 7.406256e-04 6.596099e-03 4.146590e-04 1.065872e-03
72 7.206991e-04 6.632818e-03 4.146555e-04 1.042032e-03
73 7.021977e-04 6.649620e-03 4.146521e-04 1.020138e-03
74 6.849125e-04 6.643988e-03 4.146488e-04 9.998385e-04
75 6.686590e-04 6.613972e-03 4.146456e-04 9.807997e-04
76 6.532632e-04 6.558586e-03 4.146424e-04 9.627165e-04
1 1.957434e+00 3.148519e+00 4.042358e-04 2.097677e+00
2 1.854477e+00 3.000353e+00 3.902366e-04 1.988869e+00
3 1.706171e+00 2.786246e+00 3.784371e-04 1.832088e+00
4 1.569621e+00 2.586082e+00 3.750690e-04 1.687490e+00
5 1.527682e+00 2.516675e+00 3.709533e-04 1.642687e+00
6 1.476129e+00 2.439065e+00 3.591368e-04 1.587989e+00
7 1.317359e+00 2.212520e+00 3.562493e-04 1.419946e+00
8 1.274314e+00 2.151651e+00 3.524082e-04 1.374096e+00
9 1.216395e+00 2.068840e+00 3.489359e-04 1.312851e+00
10 1.160448e+00 1.990353e+00 3.464372e-04 1.254097e+00
11 1.119203e+00 1.932050e+00 3.424778e-04 1.210713e+00
12 1.052294e+00 1.835257e+00 3.388987e-04 1.139792e+00
13 9.864820e-01 1.737911e+00 3.370975e-04 1.069940e+00
14 9.504851e-01 1.685561e+00 3.354516e-04 1.031710e+00
15 9.181086e-01 1.638616e+00 3.328982e-04 9.972989e-01
16 8.673787e-01 1.564484e+00 3.305744e-04 9.433052e-01
17 8.184150e-01 1.493719e+00 3.288954e-04 8.913144e-01
18 7.822977e-01 1.440409e+00 3.268870e-04 8.528835e-01
19 7.378453e-01 1.373497e+00 3.244736e-04 8.054302e-01
20 6.819612e-01 1.295163e+00 3.225311e-04 7.460635e-01
21 6.345726e-01 1.226228e+00 3.213610e-04 6.954195e-01
22 6.040870e-01 1.180634e+00 3.198987e-04 6.627719e-01
23 5.655159e-01 1.126620e+00 3.178172e-04 6.217346e-01
24 5.092308e-01 1.043552e+00 3.164069e-04 5.616921e-01
25 4.690357e-01 9.824143e-01 3.155127e-04 5.187663e-01
26 4.423864e-01 9.403376e-01 3.141124e-04 4.903004e-01
27 4.004562e-01 8.736103e-01 3.120814e-04 4.452498e-01
28 3.359393e-01 7.650229e-01 3.101306e-04 3.757323e-01
29 2.714760e-01 6.505212e-01 3.090831e-04 3.057497e-01
30 2.368031e-01 5.852581e-01 3.079064e-04 2.680064e-01
31 1.980759e-01 5.061546e-01 3.074662e-04 2.255752e-01
32 1.843973e-01 4.764088e-01 3.066810e-04 2.105499e-01
33 1.601823e-01 4.320435e-01 3.063431e-04 1.839055e-01
34 1.505600e-01 4.137322e-01 3.053560e-04 1.732249e-01
35 1.225977e-01 3.676543e-01 3.051503e-04 1.422333e-01
36 1.174395e-01 3.542448e-01 3.047220e-04 1.364982e-01
37 1.068872e-01 3.335120e-01 3.044476e-04 1.246273e-01
38 1.007362e-01 3.190897e-01 3.038769e-04 1.177275e-01
39 8.823991e-02 2.945749e-01 3.037251e-04 1.036953e-01
40 8.516723e-02 2.843460e-01 3.033332e-04 1.002483e-01
41 7.767311e-02 2.670097e-01 3.031728e-04 9.190055e-02
42 7.479901e-02 2.577789e-01 3.028698e-04 8.869246e-02
43 6.969781e-02 2.454820e-01 3.027289e-04 8.303815e-02
44 6.734932e-02 2.371022e-01 3.023824e-04 8.044053e-02
45 6.195225e-02 2.232849e-01 3.022679e-04 7.457028e-02
46 6.021524e-02 2.157974e-01 3.020521e-04 7.266579e-02
47 5.728116e-02 2.072076e-01 3.019167e-04 6.950059e-02
48 5.542046e-02 2.045320e-01 3.016012e-04 6.750627e-02
49 5.140487e-02 2.001743e-01 3.015066e-04 6.331970e-02
50 5.018852e-02 1.990209e-01 3.013215e-04 6.202250e-02
51 4.810499e-02 1.972739e-01 3.012013e-04 5.984622e-02
52 4.665728e-02 1.949232e-01 3.009377e-04 5.830598e-02
53 4.362816e-02 1.875633e-01 3.008546e-04 5.509638e-02
54 4.260851e-02 1.847776e-01 3.006833e-04 5.397060e-02
55 4.079454e-02 1.791784e-01 3.005850e-04 5.197909e-02
56 3.968344e-02 1.756985e-01 3.003794e-04 5.074628e-02
57 3.753453e-02 1.680668e-01 3.003035e-04 4.836161e-02
58 3.668822e-02 1.652847e-01 3.001483e-04 4.738679e-02
59 3.518255e-02 1.597715e-01 3.000661e-04 4.564974e-02
60 3.430116e-02 1.565737e-01 2.998991e-04 4.462036e-02
61 3.267157e-02 1.498384e-01 2.998286e-04 4.270422e-02
62 3.192439e-02 1.468218e-01 2.996754e-04 4.179291e-02
63 3.049868e-02 1.402675e-01 2.996063e-04 4.002843e-02
64 2.975882e-02 1.369922e-01 2.994739e-04 3.910730e-02
65 2.847723e-02 1.304944e-01 2.994051e-04 3.749051e-02
66 2.776009e-02 1.269031e-01 2.992346e-04 3.656611e-02
67 2.610168e-02 1.175356e-01 2.991724e-04 3.441376e-02
68 2.537488e-02 1.138961e-01 2.990575e-04 3.348838e-02
69 2.425980e-02 1.075436e-01 2.990159e-04 3.199221e-02
70 2.378635e-02 1.050825e-01 2.989300e-04 3.140974e-02
71 2.291611e-02 9.997283e-02 2.988251e-04 3.022888e-02
72 2.186937e-02 9.323481e-02 2.987490e-04 2.880783e-02
73 2.103615e-02 8.812391e-02 2.986530e-04 2.767771e-02
74 1.997116e-02 8.144255e-02 2.985769e-04 2.624783e-02
75 1.909395e-02 7.620282e-02 2.985054e-04 2.505714e-02
76 1.850929e-02 7.330005e-02 2.984841e-04 2.413647e-02
77 1.812974e-02 7.252784e-02 2.983923e-04 2.371568e-02
78 1.708033e-02 6.879032e-02 2.983433e-04 2.229979e-02
79 1.645317e-02 6.659074e-02 2.982590e-04 2.148913e-02
80 1.538396e-02 6.286934e-02 2.982179e-04 2.005428e-02
81 1.481856e-02 6.077364e-02 2.981502e-04 1.930090e-02
82 1.389665e-02 5.734034e-02 2.981107e-04 1.804953e-02
83 1.331982e-02 5.518473e-02 2.980532e-04 1.728796e-02
84 1.248585e-02 5.207324e-02 2.980169e-04 1.616648e-02
85 1.192857e-02 4.996021e-02 2.979695e-04 1.543075e-02
86 1.124193e-02 4.715700e-02 2.979344e-04 1.449993e-02
87 1.075290e-02 4.492043e-02 2.978943e-04 1.385118e-02
88 1.005511e-02 4.255329e-02 2.978595e-04 1.295211e-02
89 9.606668e-03 4.080602e-02 2.978499e-04 1.227181e-02
90 9.365957e-03 4.040718e-02 2.978191e-04 1.204635e-02
91 8.991103e-03 3.896631e-02 2.977837e-04 1.154838e-02
92 8.458666e-03 3.699520e-02 2.977611e-04 1.090893e-02
93 8.139959e-03 3.576817e-02 2.977345e-04 1.048705e-02
94 7.742067e-03 3.401823e-02 2.977108e-04 9.964398e-03
95 7.353498e-03 3.239048e-02 2.976892e-04 9.458699e-03
96 6.958063e-03 3.080548e-02 2.976685e-04 8.948008e-03
97 6.579428e-03 2.803863e-02 2.976618e-04 8.393026e-03
98 6.498952e-03 2.843623e-02 2.976453e-04 8.325131e-03
99 6.373164e-03 2.767537e-02 2.976238e-04 8.160923e-03
100 6.103695e-03 2.666331e-02 2.976157e-04 7.821655e-03
101 5.963276e-03 2.623537e-02 2.975973e-04 7.654125e-03
102 5.609663e-03 2.441907e-02 2.975764e-04 7.196983e-03
103 5.340211e-03 2.329582e-02 2.975573e-04 6.863605e-03
104 5.146918e-03 2.237485e-02 2.975431e-04 6.626299e-03
105 4.955654e-03 2.155390e-02 2.975308e-04 6.394201e-03
106 4.750847e-03 2.061919e-02 2.975196e-04 6.133730e-03
107 4.558868e-03 1.964354e-02 2.975094e-04 5.884887e-03
108 4.366581e-03 1.877041e-02 2.975000e-04 5.637044e-03
109 4.184701e-03 1.789979e-02 2.974914e-04 5.397931e-03
110 4.007038e-03 1.707581e-02 2.974833e-04 5.166378e-03
111 3.840835e-03 1.627643e-02 2.974758e-04 4.946912e-03
112 3.679385e-03 1.552704e-02 2.974687e-04 4.736316e-03
113 3.526653e-03 1.480975e-02 2.974621e-04 4.536726e-03
114 3.377274e-03 1.414217e-02 2.974557e-04 4.346161e-03
115 3.231643e-03 1.352935e-02 2.974480e-04 4.173630e-03
116 3.101028e-03 1.305624e-02 2.974406e-04 4.015261e-03
117 2.960014e-03 1.240121e-02 2.974352e-04 3.823442e-03
118 2.837923e-03 1.182252e-02 2.974303e-04 3.661013e-03
119 2.728509e-03 1.130724e-02 2.974258e-04 3.514478e-03
120 2.626409e-03 1.081992e-02 2.974215e-04 3.377768e-03
121 2.529680e-03 1.035121e-02 2.974174e-04 3.248552e-03
122 2.437700e-03 9.902559e-03 2.974135e-04 3.126456e-03
123 2.350169e-03 9.474861e-03 2.974098e-04 3.011408e-03
124 2.268038e-03 9.071126e-03 2.974063e-04 2.904368e-03
125 2.190705e-03 8.739302e-03 2.974029e-04 2.804159e-03
126 2.107780e-03 8.335298e-03 2.973980e-04 2.696328e-03
127 2.557974e-03 2.413981e-02 2.973936e-04 3.246361e-03
128 2.190021e-03 2.092060e-02 2.973861e-04 2.771073e-03
129 2.187219e-03 2.359673e-02 2.973791e-04 2.792538e-03
130 2.095162e-03 1.772038e-02 2.973730e-04 2.646887e-03
131 1.973380e-03 7.993244e-03 2.973696e-04 2.488287e-03
132 1.908944e-03 7.712708e-03 2.973667e-04 2.409498e-03
133 1.848975e-03 7.739873e-03 2.973641e-04 2.335976e-03
134 1.787986e-03 7.743274e-03 2.973613e-04 2.262615e-03
135 1.994912e-03 2.307463e-02 2.973571e-04 2.541854e-03
136 1.798773e-03 1.208976e-02 2.973504e-04 2.280933e-03
137 1.693789e-03 9.101765e-03 2.973450e-04 2.169690e-03
138 1.816431e-03 2.030668e-02 2.973416e-04 2.277604e-03
139 1.670570e-03 1.691836e-02 2.973302e-04 2.155168e-03
140 1.577765e-03 1.808654e-02 2.973198e-04 2.109005e-03
141 1.555782e-03 1.578004e-02 2.973141e-04 2.088115e-03
142 1.505477e-03 8.224436e-03 2.973090e-04 1.985364e-03
143 1.502231e-03 9.558120e-03 2.973051e-04 1.949862e-03
144 1.507443e-03 7.501710e-03 2.973016e-04 1.911711e-03
145 1.626726e-03 1.717431e-02 2.972986e-04 2.022139e-03
146 1.549935e-03 1.041283e-02 2.972940e-04 1.933989e-03
147 1.534774e-03 7.450400e-03 2.972907e-04 1.902769e-03
148 1.498143e-03 7.440361e-03 2.972880e-04 1.853876e-03
149 1.465014e-03 7.465969e-03 2.972853e-04 1.817394e-03
150 1.433432e-03 7.497410e-03 2.972827e-04 1.785421e-03
151 1.404326e-03 7.530797e-03 2.972800e-04 1.757170e-03
152 1.381117e-03 7.556251e-03 2.972776e-04 1.730785e-03
153 1.360586e-03 7.577997e-03 2.972752e-04 1.708835e-03
154 1.348325e-03 7.599312e-03 2.972728e-04 1.694775e-03
155 1.338586e-03 7.607240e-03 2.972705e-04 1.678570e-03
156 1.310928e-03 7.608812e-03 2.972683e-04 1.650363e-03
157 1.277205e-03 7.612161e-03 2.972658e-04 1.621250e-03
158 1.239049e-03 7.598476e-03 2.972616e-04 1.601593e-03
159 1.218458e-03 7.663460e-03 2.972585e-04 1.594747e-03
160 1.202755e-03 7.760625e-03 2.972565e-04 1.572701e-03
161 1.188180e-03 7.796645e-03 2.972546e-04 1.557748e-03
162 1.173911e-03 7.815603e-03 2.972529e-04 1.542827e-03
163 1.160248e-03 7.843806e-03 2.972512e-04 1.528916e-03
164 1.147244e-03 7.910962e-03 2.972495e-04 1.517046e-03
165 1.135395e-03 8.109295e-03 2.972478e-04 1.509862e-03
166 1.133549e-03 9.105356e-03 2.972456e-04 1.529108e-03
167 1.226320e-03 1.119795e-02 2.972433e-04 1.644081e-03
168 1.133744e-03 9.931240e-03 2.972412e-04 1.547916e-03
169 1.129247e-03 9.617769e-03 2.972394e-04 1.532112e-03
170 1.126799e-03 9.409047e-03 2.972376e-04 1.525958e-03
171 1.123126e-03 9.289775e-03 2.972359e-04 1.522318e-03
172 1.118505e-03 9.209557e-03 2.972342e-04 1.519226e-03
173 1.113952e-03 9.146606e-03 2.972325e-04 1.516373e-03
174 1.109432e-03 9.112173e-03 2.972308e-04 1.513698e-03
175 1.105242e-03 9.099437e-03 2.972292e-04 1.511167e-03
176 1.101182e-03 9.086875e-03 2.972276e-04 1.508771e-03
177 1.097505e-03 9.072952e-03 2.972260e-04 1.506564e-03
178 1.094076e-03 9.058771e-03 2.972244e-04 1.504573e-03
179 1.091062e-03 9.043237e-03 2.972228e-04 1.502819e-03
180 1.088391e-03 9.027915e-03 2.972212e-04 1.501404e-03
181 1.086274e-03 9.011899e-03 2.972196e-04 1.500394e-03
182 1.084705e-03 8.996516e-03 2.972181e-04 1.499922e-03
183 1.084025e-03 8.981722e-03 2.972165e-04 1.500242e-03
184 1.084243e-03 8.968336e-03 2.972150e-04 1.501503e-03
185 1.084089e-03 8.952522e-03 2.972134e-04 1.502468e-03
186 1.084691e-03 8.937475e-03 2.972118e-04 1.504171e-03
187 1.084290e-03 8.918634e-03 2.972103e-04 1.504808e-03
188 1.080374e-03 8.891403e-03 2.972087e-04 1.501737e-03
189 1.076999e-03 8.866347e-03 2.972072e-04 1.498830e-03
190 1.074709e-03 8.846997e-03 2.972056e-04 1.496978e-03
191 1.073265e-03 8.833413e-03 2.972041e-04 1.496036e-03
192 1.072265e-03 8.826738e-03 2.972026e-04 1.495763e-03
193 1.071560e-03 8.829147e-03 2.972010e-04 1.496014e-03
194 1.070892e-03 8.848448e-03 2.971995e-04 1.496784e-03
195 1.069579e-03 8.915430e-03 2.971980e-04 1.498129e-03
196 1.065320e-03 9.174863e-03 2.971963e-04 1.502002e-03
197 1.077886e-03 1.061006e-02 2.971940e-04 1.539021e-03
198 1.114956e-03 9.482958e-03 2.971926e-04 1.562447e-03
199 1.069595e-03 9.775829e-03 2.971907e-04 1.529231e-03
200 1.079409e-03 9.718072e-03 2.971891e-04 1.536243e-03
201 1.087841e-03 9.702695e-03 2.971874e-04 1.544976e-03
202 1.094482e-03 9.698149e-03 2.971857e-04 1.552502e-03
203 1.100387e-03 9.699735e-03 2.971840e-04 1.559693e-03
204 1.105900e-03 9.700749e-03 2.971824e-04 1.566290e-03
205 1.110964e-03 9.702588e-03 2.971808e-04 1.572552e-03
206 1.115930e-03 9.702311e-03 2.971791e-04 1.578462e-03
207 1.120605e-03 9.702056e-03 2.971775e-04 1.584154e-03
208 1.125278e-03 9.699972e-03 2.971759e-04 1.589644e-03
209 1.129756e-03 9.697996e-03 2.971743e-04 1.594995e-03
210 1.134257e-03 9.694536e-03 2.971726e-04 1.600200e-03
211 1.138660e-03 9.691262e-03 2.971710e-04 1.605360e-03
212 1.143134e-03 9.686077e-03 2.971694e-04 1.610455e-03
213 1.147557e-03 9.680813e-03 2.971678e-04 1.615550e-03
214 1.152062e-03 9.673846e-03 2.971662e-04 1.620582e-03
215 1.156541e-03 9.666696e-03 2.971645e-04 1.625620e-03
216 1.161202e-03 9.658186e-03 2.971629e-04 1.630712e-03
217 1.166043e-03 9.649423e-03 2.971613e-04 1.635985e-03
218 1.171325e-03 9.639564e-03 2.971597e-04 1.641570e-03
219 1.177194e-03 9.629377e-03 2.971580e-04 1.647732e-03
220 1.184567e-03 9.617605e-03 2.971564e-04 1.655218e-03
221 1.193395e-03 9.606540e-03 2.971547e-04 1.664373e-03
222 1.201759e-03 9.598303e-03 2.971530e-04 1.673601e-03
223 1.207252e-03 9.595053e-03 2.971512e-04 1.680371e-03
224 1.210631e-03 9.592494e-03 2.971495e-04 1.684778e-03
225 1.213128e-03 9.589548e-03 2.971477e-04 1.688061e-03
226 1.215610e-03 9.583804e-03 2.971460e-04 1.691162e-03
227 1.218329e-03 9.575749e-03 2.971443e-04 1.694535e-03
228 1.221140e-03 9.565485e-03 2.971426e-04 1.697976e-03
229 1.224060e-03 9.553545e-03 2.971409e-04 1.701527e-03
230 1.227008e-03 9.540272e-03 2.971392e-04 1.705031e-03
231 1.229974e-03 9.526618e-03 2.971375e-04 1.708517e-03
232 1.232835e-03 9.512168e-03 2.971358e-04 1.711825e-03
233 1.236153e-03 9.496345e-03 2.971341e-04 1.715506e-03
234 1.239425e-03 9.480060e-03 2.971324e-04 1.719120e-03
235 1.242460e-03 9.464202e-03 2.971307e-04 1.722490e-03
236 1.245312e-03 9.447583e-03 2.971290e-04 1.725593e-03
237 1.248041e-03 9.430376e-03 2.971273e-04 1.728540e-03
238 1.250780e-03 9.411983e-03 2.971257e-04 1.731437e-03
239 1.253506e-03 9.392967e-03 2.971240e-04 1.734290e-03
240 1.256288e-03 9.372943e-03 2.971223e-04 1.737153e-03
241 1.259046e-03 9.352569e-03 2.971206e-04 1.739992e-03
242 1.261842e-03 9.331498e-03 2.971190e-04 1.742837e-03
243 1.264674e-03 9.309679e-03 2.971173e-04 1.745720e-03
244 1.267587e-03 9.287075e-03 2.971156e-04 1.748672e-03
245 1.270603e-03 9.264050e-03 2.971139e-04 1.751765e-03
246 1.273758e-03 9.240504e-03 2.971123e-04 1.754991e-03
247 1.277030e-03 9.216712e-03 2.971106e-04 1.758379e-03
248 1.280467e-03 9.192598e-03 2.971089e-04 1.761983e-03
249 1.284070e-03 9.168180e-03 2.971072e-04 1.765834e-03
250 1.287848e-03 9.143176e-03 2.971056e-04 1.769888e-03
251 1.291716e-03 9.117272e-03 2.971039e-04 1.774093e-03
252 1.295533e-03 9.089860e-03 2.971022e-04 1.778187e-03
253 1.299004e-03 9.058153e-03 2.971005e-04 1.781734e-03
254 1.301743e-03 9.013491e-03 2.970988e-04 1.784446e-03
255 1.303266e-03 8.923018e-03 2.970970e-04 1.785712e-03
256 1.311059e-03 1.019710e-02 2.970948e-04 1.794400e-03
257 1.371347e-03 9.684714e-03 2.970928e-04 1.849823e-03
258 1.300188e-03 9.248882e-03 2.970908e-04 1.794052e-03
259 1.312074e-03 8.856678e-03 2.970889e-04 1.807221e-03
260 1.322477e-03 8.868402e-03 2.970871e-04 1.818512e-03
261 1.330364e-03 8.876326e-03 2.970852e-04 1.826700e-03
262 1.336830e-03 8.875520e-03 2.970834e-04 1.833042e-03
263 1.342125e-03 8.869872e-03 2.970816e-04 1.837881e-03
264 1.346528e-03 8.858856e-03 2.970798e-04 1.841634e-03
265 1.350202e-03 8.842298e-03 2.970781e-04 1.844433e-03
266 1.353317e-03 8.823162e-03 2.970763e-04 1.846536e-03
267 1.355894e-03 8.800229e-03 2.970746e-04 1.847934e-03
268 1.358047e-03 8.776031e-03 2.970728e-04 1.848812e-03
269 1.359784e-03 8.749098e-03 2.970711e-04 1.849150e-03
270 1.361200e-03 8.721779e-03 2.970694e-04 1.849116e-03
271 1.362293e-03 8.692288e-03 2.970677e-04 1.848682e-03
272 1.363162e-03 8.663030e-03 2.970660e-04 1.848016e-03
273 1.363828e-03 8.632246e-03 2.970644e-04 1.847090e-03
274 1.364364e-03 8.601138e-03 2.970627e-04 1.845979e-03
275 1.364819e-03 8.569129e-03 2.970611e-04 1.844765e-03
276 1.365380e-03 8.538501e-03 2.970594e-04 1.843717e-03
277 1.366280e-03 8.507778e-03 2.970578e-04 1.843037e-03
1 1.941153e+00 4.590777e+00 2.719499e-03 2.119652e+00
2 1.268684e+00 2.882121e+00 1.320365e-03 1.393119e+00
3 1.494814e+00 2.627732e+00 8.162294e-04 1.621570e+00
4 1.222819e+00 2.406015e+00 6.474772e-04 1.334829e+00
5 9.490554e-01 1.860619e+00 6.013231e-04 1.035632e+00
6 8.611183e-01 1.659645e+00 5.933223e-04 9.382251e-01
7 8.448705e-01 1.625394e+00 5.587120e-04 9.202276e-01
8 7.678696e-01 1.457304e+00 5.519768e-04 8.345884e-01
9 7.515554e-01 1.420520e+00 4.643729e-04 8.164682e-01
10 4.120083e-01 6.776186e-01 4.372223e-04 4.415117e-01
11 2.106817e-01 3.743999e-01 4.323451e-04 2.245741e-01
12 1.678892e-01 3.103628e-01 4.288104e-04 1.789933e-01
13 1.352547e-01 2.551032e-01 4.275213e-04 1.444609e-01
14 1.232206e-01 2.397736e-01 4.268657e-04 1.317447e-01
15 1.167058e-01 2.277522e-01 4.265540e-04 1.247531e-01
16 1.135923e-01 2.244877e-01 4.252626e-04 1.214252e-01
17 1.013915e-01 2.177800e-01 4.233120e-04 1.086753e-01
18 8.221926e-02 2.288428e-01 4.213995e-04 8.859626e-02
19 6.342052e-02 2.242447e-01 4.211038e-04 6.905898e-02
20 6.023744e-02 2.024027e-01 4.208980e-04 6.567570e-02
21 5.822026e-02 1.823721e-01 4.207451e-04 6.350316e-02
22 5.656319e-02 1.597945e-01 4.199853e-04 6.161261e-02
23 4.975532e-02 1.557786e-01 4.198110e-04 5.478816e-02
24 4.807840e-02 1.521375e-01 4.193666e-04 5.301179e-02
25 4.351773e-02 1.384303e-01 4.191801e-04 4.813737e-02
1 1.763348e+00 4.096313e+00 1.479273e-03 1.946120e+00
2 1.186881e+00 2.727740e+00 8.466061e-04 1.295607e+00
3 1.389877e+00 2.607255e+00 5.982881e-04 1.515655e+00
4 9.548086e-01 1.944537e+00 4.954094e-04 1.044800e+00
5 5.080436e-01 1.015352e+00 4.576932e-04 5.547472e-01
6 3.225458e-01 6.007308e-01 4.373169e-04 3.504636e-01
7 2.145724e-01 3.994539e-01 4.257741e-04 2.320779e-01
8 1.418553e-01 2.718374e-01 4.192480e-04 1.532337e-01
9 9.462089e-02 1.992834e-01 4.154188e-04 1.022775e-01
10 6.521866e-02 1.443479e-01 4.130398e-04 7.064421e-02
11 4.698639e-02 1.044938e-01 4.114813e-04 5.107097e-02
12 3.529193e-02 8.810947e-02 4.104130e-04 3.855604e-02
13 2.739725e-02 7.548520e-02 4.096517e-04 3.013435e-02
14 2.180425e-02 6.453858e-02 4.090908e-04 2.418065e-02
15 1.768888e-02 5.552901e-02 4.086651e-04 1.980267e-02
16 1.458819e-02 4.812337e-02 4.083336e-04 1.649945e-02
17 1.221585e-02 4.195425e-02 4.080694e-04 1.396147e-02
18 1.037780e-02 3.776779e-02 4.078544e-04 1.198122e-02
19 8.937622e-03 3.414452e-02 4.076761e-04 1.041595e-02
20 7.795878e-03 3.104930e-02 4.075254e-04 9.164607e-03
21 6.881039e-03 2.829423e-02 4.073960e-04 8.154482e-03
22 6.139746e-03 2.585556e-02 4.072830e-04 7.331897e-03
23 5.531943e-03 2.370524e-02 4.071831e-04 6.656621e-03
24 5.028267e-03 2.181118e-02 4.070935e-04 6.097897e-03
25 4.606718e-03 2.021165e-02 4.070124e-04 5.631473e-03
26 4.250640e-03 1.887526e-02 4.069384e-04 5.238272e-03
27 3.947232e-03 1.765922e-02 4.068705e-04 4.902945e-03
28 3.686212e-03 1.654886e-02 4.068080e-04 4.613314e-03
29 3.459284e-03 1.553223e-02 4.067502e-04 4.359777e-03
30 3.259863e-03 1.460070e-02 4.066969e-04 4.134627e-03
31 3.082848e-03 1.374597e-02 4.066477e-04 3.931855e-03
32 2.924032e-03 1.328046e-02 4.066024e-04 3.746843e-03
33 2.779974e-03 1.292484e-02 4.065606e-04 3.576000e-03
34 2.648198e-03 1.256472e-02 4.065222e-04 3.416839e-03
35 2.526854e-03 1.219525e-02 4.064870e-04 3.267560e-03
36 2.414465e-03 1.181691e-02 4.064547e-04 3.126883e-03
37 2.309717e-03 1.143114e-02 4.064251e-04 2.993809e-03
38 2.211671e-03 1.104084e-02 4.063980e-04 2.867701e-03
39 2.119496e-03 1.064982e-02 4.063731e-04 2.747935e-03
40 2.032593e-03 1.026145e-02 4.063503e-04 2.634055e-03
41 1.950826e-03 9.880049e-03 4.063294e-04 2.526167e-03
42 1.873758e-03 9.510072e-03 4.063102e-04 2.423968e-03
43 1.801041e-03 9.149724e-03 4.062925e-04 2.327230e-03
44 1.732304e-03 8.800887e-03 4.062762e-04 2.235653e-03
45 1.667257e-03 8.465204e-03 4.062612e-04 2.148999e-03
46 1.605792e-03 8.143262e-03 4.062473e-04 2.067219e-03
47 1.547684e-03 7.835223e-03 4.062344e-04 1.990119e-03
48 1.492762e-03 7.541529e-03 4.062225e-04 1.917556e-03
49 1.440865e-03 7.367387e-03 4.062113e-04 1.849340e-03
50 1.391838e-03 7.331733e-03 4.062009e-04 1.785309e-03
51 1.345460e-03 7.312476e-03 4.061912e-04 1.725153e-03
52 1.301532e-03 7.306690e-03 4.061820e-04 1.668655e-03
53 1.259915e-03 7.311087e-03 4.061735e-04 1.615598e-03
54 1.220478e-03 7.322215e-03 4.061654e-04 1.565776e-03
55 1.183002e-03 7.336785e-03 4.061578e-04 1.518875e-03
56 1.147320e-03 7.351106e-03 4.061506e-04 1.474618e-03
57 1.113259e-03 7.362209e-03 4.061437e-04 1.432709e-03
58 1.080652e-03 7.365402e-03 4.061373e-04 1.392865e-03
59 1.049343e-03 7.358562e-03 4.061312e-04 1.354807e-03
60 1.019171e-03 7.339854e-03 4.061255e-04 1.318284e-03
61 9.900319e-04 7.307093e-03 4.061200e-04 1.283093e-03
62 9.618224e-04 7.259022e-03 4.061148e-04 1.249051e-03
63 9.344683e-04 7.194983e-03 4.061100e-04 1.216016e-03
64 9.079048e-04 7.114821e-03 4.061054e-04 1.183874e-03
65 8.820705e-04 7.019086e-03 4.061011e-04 1.152532e-03
66 8.569263e-04 6.908549e-03 4.060970e-04 1.121929e-03
67 8.324400e-04 6.783931e-03 4.060931e-04 1.092020e-03
68 8.085904e-04 6.647259e-03 4.060895e-04 1.062791e-03
69 7.853621e-04 6.499935e-03 4.060861e-04 1.034231e-03
70 7.627405e-04 6.343726e-03 4.060829e-04 1.006338e-03
71 7.407168e-04 6.180176e-03 4.060798e-04 9.791133e-04
72 7.192856e-04 6.010803e-03 4.060770e-04 9.525697e-04
73 6.984377e-04 5.837110e-03 4.060743e-04 9.267149e-04
1 2.014256e+00 3.321581e+00 3.952006e-04 2.158453e+00
2 1.905366e+00 3.150101e+00 3.897686e-04 2.042969e+00
3 1.847559e+00 3.035352e+00 3.795121e-04 1.981043e+00
4 1.735096e+00 2.867542e+00 3.565418e-04 1.861959e+00
5 1.448891e+00 2.444834e+00 3.490170e-04 1.558882e+00
6 1.342057e+00 2.282509e+00 3.447810e-04 1.445548e+00
7 1.276398e+00 2.175985e+00 3.423914e-04 1.375632e+00
8 1.238011e+00 2.110073e+00 3.398494e-04 1.334498e+00
9 1.196498e+00 2.049577e+00 3.370350e-04 1.290605e+00
10 1.150327e+00 1.982144e+00 3.316006e-04 1.241668e+00
11 1.056544e+00 1.844747e+00 3.248544e-04 1.141908e+00
12 9.281818e-01 1.656838e+00 3.220756e-04 1.005562e+00
13 8.699803e-01 1.570589e+00 3.207521e-04 9.435029e-01
14 8.404503e-01 1.529229e+00 3.184178e-04 9.118602e-01
15 7.875453e-01 1.456903e+00 3.161998e-04 8.555305e-01
16 7.339860e-01 1.381103e+00 3.141610e-04 7.987222e-01
17 6.778349e-01 1.307562e+00 3.128454e-04 7.396047e-01
18 6.404518e-01 1.259300e+00 3.114788e-04 7.001469e-01
19 6.017802e-01 1.202943e+00 3.098378e-04 6.593694e-01
20 5.551838e-01 1.130371e+00 3.087004e-04 6.096894e-01
21 5.205119e-01 1.079279e+00 3.079147e-04 5.725962e-01
22 4.963588e-01 1.043876e+00 3.070309e-04 5.464516e-01
23 4.698136e-01 1.002697e+00 3.052023e-04 5.178214e-01
24 4.120474e-01 9.113995e-01 3.043425e-04 4.557021e-01
25 3.833477e-01 8.668465e-01 3.033377e-04 4.248114e-01
26 3.496116e-01 8.107941e-01 3.020856e-04 3.886002e-01
27 3.061325e-01 7.354181e-01 3.015667e-04 3.418821e-01
28 2.876205e-01 7.034172e-01 3.008198e-04 3.219841e-01
29 2.613617e-01 6.543339e-01 2.998017e-04 2.935064e-01
30 2.251188e-01 5.853572e-01 2.990703e-04 2.541138e-01
31 1.991064e-01 5.353744e-01 2.980198e-04 2.258518e-01
32 1.614500e-01 4.592434e-01 2.970056e-04 1.846433e-01
33 1.265217e-01 3.759029e-01 2.963846e-04 1.459209e-01
34 1.076214e-01 3.352495e-01 2.958876e-04 1.248455e-01
35 9.378226e-02 3.038205e-01 2.952393e-04 1.093448e-01
36 7.681855e-02 2.637438e-01 2.949804e-04 9.035371e-02
37 7.106783e-02 2.486764e-01 2.944169e-04 8.386160e-02
38 5.883763e-02 2.211804e-01 2.942462e-04 7.012073e-02
39 5.567678e-02 2.140483e-01 2.939482e-04 6.655578e-02
40 5.021381e-02 2.001345e-01 2.937918e-04 6.041435e-02
41 4.761773e-02 1.927496e-01 2.934827e-04 5.745117e-02
42 4.251544e-02 1.764845e-01 2.933797e-04 5.163364e-02
43 4.095134e-02 1.713811e-01 2.931799e-04 4.985473e-02
44 3.788341e-02 1.605788e-01 2.930697e-04 4.638195e-02
45 3.632156e-02 1.546969e-01 2.928598e-04 4.459199e-02
46 3.335943e-02 1.425022e-01 2.927835e-04 4.120102e-02
47 3.235364e-02 1.386645e-01 2.926187e-04 4.003365e-02
48 3.011029e-02 1.320981e-01 2.925416e-04 3.744804e-02
49 2.913707e-02 1.289317e-01 2.923947e-04 3.630533e-02
50 2.725742e-02 1.225843e-01 2.923265e-04 3.411028e-02
51 2.642302e-02 1.195645e-01 2.921633e-04 3.312389e-02
52 2.446799e-02 1.119934e-01 2.921113e-04 3.081873e-02
53 2.410589e-02 1.096836e-01 2.920108e-04 3.036787e-02
54 2.281443e-02 1.046649e-01 2.919337e-04 2.882955e-02
55 2.185187e-02 1.013033e-01 2.917976e-04 2.768032e-02
56 2.020341e-02 9.552440e-02 2.917542e-04 2.570459e-02
57 1.970452e-02 9.357606e-02 2.916623e-04 2.510984e-02
58 1.868278e-02 8.944524e-02 2.916292e-04 2.384250e-02
59 1.829771e-02 8.787178e-02 2.915470e-04 2.338356e-02
60 1.737494e-02 8.379518e-02 2.915174e-04 2.222700e-02
61 1.702596e-02 8.229211e-02 2.914255e-04 2.181157e-02
62 1.600094e-02 7.757591e-02 2.914030e-04 2.052028e-02
63 1.571573e-02 7.632914e-02 2.913472e-04 2.019079e-02
64 1.509830e-02 7.329427e-02 2.913185e-04 1.940323e-02
65 1.477878e-02 7.171510e-02 2.912461e-04 1.900402e-02
66 1.395219e-02 6.737485e-02 2.912281e-04 1.795230e-02
67 1.372353e-02 6.627224e-02 2.911748e-04 1.768889e-02
68 1.309983e-02 6.292499e-02 2.911546e-04 1.689781e-02
69 1.285072e-02 6.172116e-02 2.911082e-04 1.659437e-02
70 1.234019e-02 5.910532e-02 2.910904e-04 1.592146e-02
71 1.211970e-02 5.800769e-02 2.910381e-04 1.565014e-02
72 1.159587e-02 5.435229e-02 2.910223e-04 1.491614e-02
73 1.136152e-02 5.378538e-02 2.909863e-04 1.465493e-02
74 1.099067e-02 5.215909e-02 2.909669e-04 1.415039e-02
75 1.072739e-02 5.129725e-02 2.909310e-04 1.384519e-02
76 1.029617e-02 4.959095e-02 2.909154e-04 1.330006e-02
77 1.011517e-02 4.877522e-02 2.908803e-04 1.306363e-02
78 9.669352e-03 4.671166e-02 2.908687e-04 1.247380e-02
79 9.499041e-03 4.603015e-02 2.908341e-04 1.226742e-02
80 9.007085e-03 4.374740e-02 2.908243e-04 1.162523e-02
81 8.811491e-03 4.314181e-02 2.907965e-04 1.141645e-02
82 8.543508e-03 4.146678e-02 2.907843e-04 1.108501e-02
83 8.305827e-03 4.077101e-02 2.907560e-04 1.076062e-02
84 7.906561e-03 3.871633e-02 2.907391e-04 1.023433e-02
85 7.643919e-03 3.746322e-02 2.907151e-04 9.903482e-03
86 7.274507e-03 3.554978e-02 2.907066e-04 9.421984e-03
87 7.124453e-03 3.490949e-02 2.906850e-04 9.242499e-03
88 6.972386e-03 3.311017e-02 2.906774e-04 8.895731e-03
89 6.814281e-03 3.271339e-02 2.906633e-04 8.735004e-03
90 6.681085e-03 3.186622e-02 2.906401e-04 8.536299e-03
91 6.320561e-03 3.033847e-02 2.906293e-04 8.117698e-03
92 6.133160e-03 2.950841e-02 2.906118e-04 7.894350e-03
93 5.803601e-03 2.798342e-02 2.906014e-04 7.482463e-03
94 5.504168e-03 2.602954e-02 2.905964e-04 7.045242e-03
95 5.485348e-03 2.621435e-02 2.905755e-04 7.058586e-03
96 5.287734e-03 2.497472e-02 2.905603e-04 6.773246e-03
97 5.073892e-03 2.445406e-02 2.905396e-04 6.506907e-03
98 4.885859e-03 2.354043e-02 2.905242e-04 6.287825e-03
99 4.754904e-03 2.291771e-02 2.905105e-04 6.140365e-03
100 4.572240e-03 2.186233e-02 2.904982e-04 5.905030e-03
101 4.407109e-03 2.099414e-02 2.904870e-04 5.694824e-03
102 4.241999e-03 2.011459e-02 2.904767e-04 5.478625e-03
103 4.083738e-03 1.911252e-02 2.904671e-04 5.269393e-03
104 3.920891e-03 1.810985e-02 2.904583e-04 5.053761e-03
105 3.765007e-03 1.719873e-02 2.904501e-04 4.846013e-03
106 3.618297e-03 1.633573e-02 2.904425e-04 4.649310e-03
107 3.481718e-03 1.551173e-02 2.904349e-04 4.463806e-03
108 3.381856e-03 1.473443e-02 2.904310e-04 4.309166e-03
109 3.299656e-03 1.442086e-02 2.904240e-04 4.214433e-03
110 3.197082e-03 1.374700e-02 2.904166e-04 4.069224e-03
111 3.337378e-03 2.489205e-02 2.904134e-04 4.163941e-03
112 3.159687e-03 1.316753e-02 2.904023e-04 3.964180e-03
113 3.091644e-03 1.595275e-02 2.903944e-04 3.913601e-03
114 3.091216e-03 2.080651e-02 2.903893e-04 3.931309e-03
115 2.989633e-03 1.650723e-02 2.903770e-04 3.777214e-03
116 2.866682e-03 2.063561e-02 2.903675e-04 3.642864e-03
117 2.655921e-03 1.095854e-02 2.903606e-04 3.351446e-03
118 2.546971e-03 1.084161e-02 2.903542e-04 3.211893e-03
119 2.459125e-03 1.076841e-02 2.903488e-04 3.095576e-03
120 2.382210e-03 1.070548e-02 2.903440e-04 2.996052e-03
121 2.310262e-03 1.065287e-02 2.903396e-04 2.903201e-03
122 2.240136e-03 1.061031e-02 2.903354e-04 2.813408e-03
123 2.171961e-03 1.057845e-02 2.903315e-04 2.726843e-03
124 2.106530e-03 1.055748e-02 2.903277e-04 2.644449e-03
125 2.044268e-03 1.054618e-02 2.903241e-04 2.566837e-03
126 1.987192e-03 1.055161e-02 2.903206e-04 2.496705e-03
127 1.947337e-03 1.058864e-02 2.903169e-04 2.448431e-03
128 1.907272e-03 1.059731e-02 2.903134e-04 2.398186e-03
129 1.836527e-03 1.053044e-02 2.903102e-04 2.310054e-03
130 1.789661e-03 1.051080e-02 2.903072e-04 2.246396e-03
131 1.744368e-03 1.049600e-02 2.903043e-04 2.188333e-03
132 1.700382e-03 1.046565e-02 2.903015e-04 2.133578e-03
133 1.658500e-03 1.042070e-02 2.902989e-04 2.081853e-03
134 1.619445e-03 1.036255e-02 2.902962e-04 2.033287e-03
135 1.585282e-03 1.029234e-02 2.902937e-04 1.988903e-03
136 1.562676e-03 1.021358e-02 2.902912e-04 1.954050e-03
137 1.553353e-03 1.013219e-02 2.902886e-04 1.934467e-03
138 1.522485e-03 1.005994e-02 2.902861e-04 1.898816e-03
139 1.470709e-03 9.989490e-03 2.902838e-04 1.843898e-03
140 1.431920e-03 9.900639e-03 2.902815e-04 1.801245e-03
141 1.399873e-03 9.796613e-03 2.902793e-04 1.764480e-03
142 1.369920e-03 9.682299e-03 2.902771e-04 1.729879e-03
143 1.341237e-03 9.562503e-03 2.902750e-04 1.696784e-03
144 1.313693e-03 9.460995e-03 2.902729e-04 1.665106e-03
145 1.287164e-03 9.356261e-03 2.902709e-04 1.634713e-03
146 1.261715e-03 9.249113e-03 2.902689e-04 1.605598e-03
147 1.237329e-03 9.140350e-03 2.902669e-04 1.577717e-03
148 1.213902e-03 9.030672e-03 2.902650e-04 1.550964e-03
149 1.191411e-03 8.920349e-03 2.902631e-04 1.525297e-03
150 1.169839e-03 8.810579e-03 2.902613e-04 1.500704e-03
151 1.149105e-03 8.700966e-03 2.902594e-04 1.477094e-03
152 1.129235e-03 8.593023e-03 2.902576e-04 1.454473e-03
153 1.110195e-03 8.486016e-03 2.902558e-04 1.432792e-03
154 1.091972e-03 8.381309e-03 2.902541e-04 1.412030e-03
155 1.074539e-03 8.279066e-03 2.902524e-04 1.392144e-03
156 1.057846e-03 8.179469e-03 2.902506e-04 1.373101e-03
157 1.041863e-03 8.082658e-03 2.902489e-04 1.354874e-03
158 1.026566e-03 7.988832e-03 2.902473e-04 1.337446e-03
159 1.011935e-03 7.898193e-03 2.902456e-04 1.320805e-03
160 9.979512e-04 7.810951e-03 2.902440e-04 1.304947e-03
161 9.846038e-04 7.727349e-03 2.902424e-04 1.289875e-03
162 9.718595e-04 7.647938e-03 2.902408e-04 1.275610e-03
163 9.597453e-04 7.573065e-03 2.902392e-04 1.262187e-03
164 9.482693e-04 7.503220e-03 2.902376e-04 1.249659e-03
165 9.376538e-04 7.441490e-03 2.902360e-04 1.238609e-03
166 9.282658e-04 7.390421e-03 2.902344e-04 1.229849e-03
167 9.196275e-04 7.347154e-03 2.902329e-04 1.222785e-03
168 9.116446e-04 7.311629e-03 2.902313e-04 1.217573e-03
169 9.009464e-04 7.269147e-03 2.902297e-04 1.207851e-03
170 8.903103e-04 7.221018e-03 2.902282e-04 1.195320e-03
171 8.812174e-04 7.178806e-03 2.902268e-04 1.183807e-03
172 8.724409e-04 7.142260e-03 2.902253e-04 1.173278e-03
173 8.640485e-04 7.109714e-03 2.902239e-04 1.163669e-03
174 8.563342e-04 7.072331e-03 2.902225e-04 1.154778e-03
175 8.492188e-04 7.034649e-03 2.902211e-04 1.146558e-03
176 8.426272e-04 6.996774e-03 2.902197e-04 1.138899e-03
177 8.365061e-04 6.958856e-03 2.902184e-04 1.131730e-03
178 8.307824e-04 6.920784e-03 2.902170e-04 1.124973e-03
179 8.254078e-04 6.881896e-03 2.902157e-04 1.118526e-03
180 8.203187e-04 6.842072e-03 2.902144e-04 1.112306e-03
181 8.154656e-04 6.801251e-03 2.902131e-04 1.106288e-03
182 8.108650e-04 6.759500e-03 2.902117e-04 1.100479e-03
183 8.064964e-04 6.717047e-03 2.902104e-04 1.094886e-03
184 8.023413e-04 6.677442e-03 2.902092e-04 1.089488e-03
185 7.984017e-04 6.639134e-03 2.902079e-04 1.084283e-03
186 7.946710e-04 6.600623e-03 2.902066e-04 1.079278e-03
187 7.911928e-04 6.561988e-03 2.902053e-04 1.074512e-03
188 7.879466e-04 6.523225e-03 2.902041e-04 1.069966e-03
189 7.849253e-04 6.484526e-03 2.902028e-04 1.065649e-03
190 7.821377e-04 6.446317e-03 2.902016e-04 1.061606e-03
191 7.797155e-04 6.408489e-03 2.902003e-04 1.057906e-03
192 7.776110e-04 6.370754e-03 2.901991e-04 1.054508e-03
193 7.758681e-04 6.333269e-03 2.901978e-04 1.051460e-03
194 7.744524e-04 6.296048e-03 2.901966e-04 1.048722e-03
195 7.734071e-04 6.269688e-03 2.901953e-04 1.046348e-03
196 7.727568e-04 6.268731e-03 2.901941e-04 1.044379e-03
197 7.725329e-04 6.269479e-03 2.901928e-04 1.042859e-03
198 7.727226e-04 6.271164e-03 2.901916e-04 1.041803e-03
199 7.734844e-04 6.275466e-03 2.901904e-04 1.041343e-03
200 7.748155e-04 6.282799e-03 2.901891e-04 1.041582e-03
201 7.765261e-04 6.296118e-03 2.901879e-04 1.042465e-03
202 7.786363e-04 6.314533e-03 2.901866e-04 1.043944e-03
203 7.808234e-04 6.336442e-03 2.901854e-04 1.045709e-03
204 7.824442e-04 6.362844e-03 2.901841e-04 1.047398e-03
205 7.825307e-04 6.395819e-03 2.901829e-04 1.048930e-03
206 7.765422e-04 6.430709e-03 2.901813e-04 1.052316e-03
207 1.258833e-03 3.003262e-02 2.901764e-04 1.816526e-03
208 9.672658e-04 1.745885e-02 2.901715e-04 1.372273e-03
209 9.154394e-04 8.116590e-03 2.901689e-04 1.239058e-03
210 9.537243e-04 8.028612e-03 2.901662e-04 1.269985e-03
211 1.003915e-03 9.692713e-03 2.901644e-04 1.312074e-03
212 1.135563e-03 1.713469e-02 2.901618e-04 1.550063e-03
213 9.698575e-04 1.281933e-02 2.901556e-04 1.360484e-03
214 1.008475e-03 1.471269e-02 2.901508e-04 1.419217e-03
215 9.830066e-04 9.895632e-03 2.901477e-04 1.345179e-03
216 9.463982e-04 7.376053e-03 2.901450e-04 1.308009e-03
217 9.499733e-04 6.946627e-03 2.901424e-04 1.310960e-03
218 9.595406e-04 6.880750e-03 2.901400e-04 1.320705e-03
219 9.665974e-04 6.913299e-03 2.901375e-04 1.330882e-03
220 9.776334e-04 6.959174e-03 2.901351e-04 1.341916e-03
221 9.860573e-04 6.998921e-03 2.901327e-04 1.352647e-03
222 9.920217e-04 7.022339e-03 2.901304e-04 1.361492e-03
223 9.981615e-04 7.044325e-03 2.901281e-04 1.369945e-03
224 1.003681e-03 7.065552e-03 2.901258e-04 1.378023e-03
225 1.009211e-03 7.092100e-03 2.901235e-04 1.386152e-03
226 1.013998e-03 7.130754e-03 2.901213e-04 1.393817e-03
227 1.017404e-03 7.178105e-03 2.901191e-04 1.400516e-03
228 1.019287e-03 7.237058e-03 2.901168e-04 1.406090e-03
229 1.019433e-03 7.310327e-03 2.901146e-04 1.410370e-03
230 1.017601e-03 7.402397e-03 2.901124e-04 1.412943e-03
231 1.015757e-03 7.503702e-03 2.901103e-04 1.414972e-03
232 1.014526e-03 7.606270e-03 2.901082e-04 1.416882e-03
233 1.014432e-03 7.705772e-03 2.901061e-04 1.419095e-03
234 1.015060e-03 7.799831e-03 2.901040e-04 1.421352e-03
235 1.015894e-03 7.883973e-03 2.901020e-04 1.423347e-03
236 1.016653e-03 7.959436e-03 2.900999e-04 1.425025e-03
237 1.017249e-03 8.027172e-03 2.900979e-04 1.426313e-03
238 1.017580e-03 8.086068e-03 2.900959e-04 1.427177e-03
239 1.017815e-03 8.135438e-03 2.900940e-04 1.427834e-03
240 1.018022e-03 8.178809e-03 2.900920e-04 1.428463e-03
241 1.018559e-03 8.230402e-03 2.900900e-04 1.429831e-03
242 1.018684e-03 8.326895e-03 2.900881e-04 1.432751e-03
243 1.019255e-03 8.447550e-03 2.900861e-04 1.436955e-03
244 1.020004e-03 8.522034e-03 2.900842e-04 1.440001e-03
245 1.021818e-03 8.511987e-03 2.900823e-04 1.441208e-03
246 1.024774e-03 8.542744e-03 2.900803e-04 1.444973e-03
247 1.027858e-03 8.605909e-03 2.900784e-04 1.450148e-03
248 1.031487e-03 8.688197e-03 2.900765e-04 1.456348e-03
249 1.035476e-03 8.778113e-03 2.900745e-04 1.463398e-03
250 1.039872e-03 8.873298e-03 2.900726e-04 1.471248e-03
251 1.044675e-03 8.972759e-03 2.900706e-04 1.479899e-03
252 1.049832e-03 9.075614e-03 2.900686e-04 1.489342e-03
253 1.055200e-03 9.181808e-03 2.900666e-04 1.499545e-03
254 1.060867e-03 9.290790e-03 2.900646e-04 1.510672e-03
255 1.064968e-03 9.403287e-03 2.900626e-04 1.522089e-03
256 1.060092e-03 9.524724e-03 2.900604e-04 1.532757e-03
257 1.082628e-03 9.672201e-03 2.900573e-04 1.577165e-03
258 1.210176e-03 9.721018e-03 2.900555e-04 1.656537e-03
259 1.085873e-03 9.812480e-03 2.900530e-04 1.583293e-03
260 1.109393e-03 9.904850e-03 2.900506e-04 1.600125e-03
261 1.122537e-03 1.000872e-02 2.900483e-04 1.615046e-03
262 1.133920e-03 1.011527e-02 2.900459e-04 1.629685e-03
263 1.144259e-03 1.022314e-02 2.900436e-04 1.643825e-03
264 1.153879e-03 1.033157e-02 2.900412e-04 1.657515e-03
265 1.163124e-03 1.044030e-02 2.900388e-04 1.670945e-03
266 1.172128e-03 1.054942e-02 2.900364e-04 1.684240e-03
267 1.180709e-03 1.066247e-02 2.900340e-04 1.696942e-03
268 1.188536e-03 1.077766e-02 2.900316e-04 1.708323e-03
269 1.195775e-03 1.088270e-02 2.900291e-04 1.718743e-03
270 1.202169e-03 1.098377e-02 2.900267e-04 1.727791e-03
271 1.207784e-03 1.107487e-02 2.900242e-04 1.735670e-03
272 1.212767e-03 1.115525e-02 2.900217e-04 1.742574e-03
273 1.217062e-03 1.123227e-02 2.900193e-04 1.748714e-03
274 1.220791e-03 1.130899e-02 2.900168e-04 1.754615e-03
275 1.224299e-03 1.138900e-02 2.900143e-04 1.760719e-03
276 1.227502e-03 1.149421e-02 2.900118e-04 1.767841e-03
277 1.230941e-03 1.165386e-02 2.900093e-04 1.777941e-03
278 1.235628e-03 1.185857e-02 2.900067e-04 1.791592e-03
279 1.241538e-03 1.204863e-02 2.900041e-04 1.806249e-03
280 1.246147e-03 1.217663e-02 2.900014e-04 1.817181e-03
281 1.248679e-03 1.227985e-02 2.899987e-04 1.824160e-03
282 1.253067e-03 1.206064e-02 2.899960e-04 1.819154e-03
283 1.255835e-03 1.188798e-02 2.899934e-04 1.815607e-03
284 1.257648e-03 1.177020e-02 2.899908e-04 1.813519e-03
285 1.259060e-03 1.167591e-02 2.899882e-04 1.812037e-03
286 1.260176e-03 1.159081e-02 2.899855e-04 1.810680e-03
287 1.261045e-03 1.150858e-02 2.899830e-04 1.809093e-03
288 1.261598e-03 1.142517e-02 2.899804e-04 1.806935e-03
289 1.261728e-03 1.134172e-02 2.899778e-04 1.803707e-03
290 1.260757e-03 1.125657e-02 2.899752e-04 1.798428e-03
291 1.258182e-03 1.118584e-02 2.899727e-04 1.790255e-03
292 1.253598e-03 1.110585e-02 2.899702e-04 1.778939e-03
293 1.247128e-03 1.100480e-02 2.899678e-04 1.764968e-03
294 1.238837e-03 1.087920e-02 2.899654e-04 1.749177e-03
295 1.229570e-03 1.073623e-02 2.899631e-04 1.732180e-03
296 1.219660e-03 1.058605e-02 2.899608e-04 1.714382e-03
297 1.209140e-03 1.044084e-02 2.899586e-04 1.696564e-03
298 1.198588e-03 1.031849e-02 2.899564e-04 1.679650e-03
299 1.188028e-03 1.017490e-02 2.899543e-04 1.662012e-03
300 1.176769e-03 9.968664e-03 2.899522e-04 1.641292e-03
301 1.164402e-03 9.732215e-03 2.899501e-04 1.618435e-03
302 1.151152e-03 9.483686e-03 2.899481e-04 1.594292e-03
303 1.137256e-03 9.231926e-03 2.899462e-04 1.569484e-03
304 1.123004e-03 8.980736e-03 2.899444e-04 1.544446e-03
305 1.108586e-03 8.733001e-03 2.899425e-04 1.519453e-03
306 1.094114e-03 8.489756e-03 2.899408e-04 1.494654e-03
307 1.079703e-03 8.252403e-03 2.899391e-04 1.470218e-03
308 1.065317e-03 8.019377e-03 2.899374e-04 1.446084e-03
309 1.050993e-03 7.792898e-03 2.899358e-04 1.422377e-03
310 1.036961e-03 7.573565e-03 2.899343e-04 1.399301e-03
311 1.023199e-03 7.361177e-03 2.899327e-04 1.376844e-03
312 1.009740e-03 7.155907e-03 2.899313e-04 1.355035e-03
313 9.966108e-04 6.957944e-03 2.899298e-04 1.333923e-03
314 9.838055e-04 6.767264e-03 2.899284e-04 1.313480e-03
315 9.713337e-04 6.582905e-03 2.899270e-04 1.293731e-03
316 9.592695e-04 6.404623e-03 2.899257e-04 1.274788e-03
317 9.477067e-04 6.233098e-03 2.899243e-04 1.256710e-03
318 9.366544e-04 6.069845e-03 2.899230e-04 1.239523e-03
319 9.260844e-04 5.916073e-03 2.899218e-04 1.223142e-03
320 9.158161e-04 5.775501e-03 2.899205e-04 1.207221e-03
321 9.055903e-04 5.638521e-03 2.899193e-04 1.191645e-03
322 8.954483e-04 5.509464e-03 2.899181e-04 1.176242e-03
323 8.851579e-04 5.379252e-03 2.899169e-04 1.160961e-03
324 8.746423e-04 5.244431e-03 2.899157e-04 1.145600e-03
325 8.689476e-04 5.106501e-03 2.899138e-04 1.133614e-03
326 8.603985e-04 7.267142e-03 2.899118e-04 1.127928e-03
327 8.964599e-04 9.794441e-03 2.899078e-04 1.169026e-03
328 1.537636e-03 2.625513e-02 2.899053e-04 1.893681e-03
329 1.270433e-03 2.044447e-02 2.898991e-04 1.610454e-03
330 1.069711e-03 1.369177e-02 2.898951e-04 1.364928e-03
331 1.004264e-03 8.668063e-03 2.898932e-04 1.258275e-03
332 8.598697e-04 4.297472e-03 2.898919e-04 1.086941e-03
333 8.238008e-04 4.181214e-03 2.898906e-04 1.049841e-03
334 8.009440e-04 4.066011e-03 2.898895e-04 1.025611e-03
335 7.863066e-04 4.008053e-03 2.898884e-04 1.008827e-03
336 7.761160e-04 4.010854e-03 2.898873e-04 9.958933e-04
337 7.681281e-04 4.006949e-03 2.898863e-04 9.849201e-04
338 7.612728e-04 3.999545e-03 2.898853e-04 9.749682e-04
1 6.152580e-01 1.858508e+00 3.020871e-04 7.273401e-01
2 5.158504e-01 1.688980e+00 3.006770e-04 6.136793e-01
3 4.692511e-01 1.614273e+00 2.986269e-04 5.605110e-01
4 3.961118e-01 1.435790e+00 2.977898e-04 4.764363e-01
5 3.663514e-01 1.374719e+00 2.956300e-04 4.422865e-01
6 2.824526e-01 1.127993e+00 2.951976e-04 3.434904e-01
7 2.674947e-01 1.090318e+00 2.933068e-04 3.262567e-01
8 1.944629e-01 8.372868e-01 2.930360e-04 2.386714e-01
9 1.866190e-01 8.123392e-01 2.925133e-04 2.295723e-01
10 1.710723e-01 7.550154e-01 2.921984e-04 2.111411e-01
11 1.622976e-01 7.189262e-01 2.909636e-04 2.005603e-01
12 1.258422e-01 5.239050e-01 2.908010e-04 1.544543e-01
13 1.225486e-01 5.058534e-01 2.905728e-04 1.503121e-01
14 1.176416e-01 4.776446e-01 2.899861e-04 1.441062e-01
15 1.048292e-01 3.985933e-01 2.898570e-04 1.276223e-01
16 1.024922e-01 3.919177e-01 2.893750e-04 1.245680e-01
17 9.305371e-02 3.656831e-01 2.892298e-04 1.124058e-01
18 9.060966e-02 3.588680e-01 2.884818e-04 1.093072e-01
19 7.704806e-02 3.171760e-01 2.883963e-04 9.221696e-02
20 7.596769e-02 3.130685e-01 2.882451e-04 9.082140e-02
21 7.380209e-02 3.053513e-01 2.879278e-04 8.813063e-02
22 6.913298e-02 2.884458e-01 2.877987e-04 8.240415e-02
23 6.750995e-02 2.818250e-01 2.876127e-04 8.039224e-02
24 6.480193e-02 2.718304e-01 2.874363e-04 7.714641e-02
25 6.239679e-02 2.623098e-01 2.871265e-04 7.424024e-02
26 5.815344e-02 2.450343e-01 2.870389e-04 6.913128e-02
27 5.706066e-02 2.402698e-01 2.866266e-04 6.780360e-02
28 5.168458e-02 2.164522e-01 2.865579e-04 6.130987e-02
29 5.089453e-02 2.126859e-01 2.863778e-04 6.034041e-02
30 4.871143e-02 2.023309e-01 2.862159e-04 5.769020e-02
31 4.682306e-02 1.930300e-01 2.858585e-04 5.538192e-02
32 4.283992e-02 1.715425e-01 2.858058e-04 5.042382e-02
33 4.222769e-02 1.685034e-01 2.857083e-04 4.967902e-02
34 4.108656e-02 1.625339e-01 2.854727e-04 4.828253e-02
35 3.832975e-02 1.476613e-01 2.853897e-04 4.488730e-02
36 3.740371e-02 1.426492e-01 2.851311e-04 4.374849e-02
37 3.459785e-02 1.266296e-01 2.850784e-04 4.025283e-02
38 3.405034e-02 1.235829e-01 2.849480e-04 3.957824e-02
39 3.262731e-02 1.155364e-01 2.848843e-04 3.781539e-02
40 3.191226e-02 1.117320e-01 2.846723e-04 3.695869e-02
41 2.970264e-02 9.903549e-02 2.846490e-04 3.423503e-02
42 2.952247e-02 9.795982e-02 2.845531e-04 3.401372e-02
43 2.867225e-02 9.289915e-02 2.845218e-04 3.295355e-02
44 2.837220e-02 9.175500e-02 2.844420e-04 3.258563e-02
45 2.757441e-02 8.852100e-02 2.844167e-04 3.160898e-02
46 2.733130e-02 8.774422e-02 2.843397e-04 3.132249e-02
47 2.659286e-02 8.475405e-02 2.843167e-04 3.042691e-02
48 2.645155e-02 8.403440e-02 2.841778e-04 3.023965e-02
49 2.509242e-02 7.859126e-02 2.841564e-04 2.864944e-02
50 2.505172e-02 7.803948e-02 2.841107e-04 2.855751e-02
51 2.464500e-02 7.645003e-02 2.839488e-04 2.807511e-02
52 2.303164e-02 7.020841e-02 2.839246e-04 2.623263e-02
53 2.292542e-02 6.958251e-02 2.838910e-04 2.607693e-02
54 2.261568e-02 6.836392e-02 2.838206e-04 2.571838e-02
55 2.198274e-02 6.529047e-02 2.837806e-04 2.498359e-02
56 2.163617e-02 6.488019e-02 2.837068e-04 2.459640e-02
57 2.111383e-02 6.413145e-02 2.836622e-04 2.400682e-02
58 2.076236e-02 6.355803e-02 2.835631e-04 2.361027e-02
59 1.991522e-02 6.226286e-02 2.835275e-04 2.266837e-02
60 1.965128e-02 6.181149e-02 2.834081e-04 2.236988e-02
61 1.854478e-02 5.988806e-02 2.833745e-04 2.106594e-02
62 1.821795e-02 5.927407e-02 2.833256e-04 2.072814e-02
63 1.766624e-02 5.821515e-02 2.832751e-04 2.014649e-02
64 1.722249e-02 5.709922e-02 2.831981e-04 1.965057e-02
65 1.672089e-02 5.581558e-02 2.831869e-04 1.905176e-02
66 1.662483e-02 5.542053e-02 2.831473e-04 1.895655e-02
67 1.649453e-02 5.463730e-02 2.830683e-04 1.876816e-02
68 1.607233e-02 5.282853e-02 2.830523e-04 1.824854e-02
69 1.578791e-02 5.245355e-02 2.830184e-04 1.798933e-02
70 1.545812e-02 5.208371e-02 2.829912e-04 1.766097e-02
71 1.523153e-02 5.135528e-02 2.829173e-04 1.741773e-02
72 1.446975e-02 4.901587e-02 2.828927e-04 1.659177e-02
73 1.424513e-02 4.844600e-02 2.828700e-04 1.636090e-02
74 1.401435e-02 4.794229e-02 2.828129e-04 1.611290e-02
75 1.344139e-02 4.581198e-02 2.827776e-04 1.549230e-02
76 1.307375e-02 4.419265e-02 2.827161e-04 1.507986e-02
77 1.240560e-02 4.096542e-02 2.827078e-04 1.432303e-02
78 1.232764e-02 4.062614e-02 2.826830e-04 1.424562e-02
79 1.209011e-02 3.993441e-02 2.826173e-04 1.397053e-02
80 1.156081e-02 3.885265e-02 2.825963e-04 1.338193e-02
81 1.130258e-02 3.849554e-02 2.825438e-04 1.311401e-02
82 1.078364e-02 3.732282e-02 2.825318e-04 1.253243e-02
83 1.063003e-02 3.705943e-02 2.824849e-04 1.236847e-02
84 1.014415e-02 3.584083e-02 2.824658e-04 1.181656e-02
85 9.915395e-03 3.540680e-02 2.824249e-04 1.156102e-02
86 9.415902e-03 3.439203e-02 2.824062e-04 1.100469e-02
87 9.227428e-03 3.387508e-02 2.823679e-04 1.078833e-02
88 8.824957e-03 3.271422e-02 2.823502e-04 1.032462e-02
89 8.633084e-03 3.212418e-02 2.823165e-04 1.010470e-02
90 8.251380e-03 3.092940e-02 2.822997e-04 9.666392e-03
91 8.055926e-03 3.036510e-02 2.822698e-04 9.443883e-03
92 7.633800e-03 3.052553e-02 2.822541e-04 8.986164e-03
93 7.437928e-03 3.068544e-02 2.822277e-04 8.765933e-03
94 7.103640e-03 3.079127e-02 2.822130e-04 8.386958e-03
95 6.896284e-03 3.092493e-02 2.821887e-04 8.158402e-03
96 6.616061e-03 3.102252e-02 2.821718e-04 7.830129e-03
97 6.441363e-03 3.101558e-02 2.821475e-04 7.646228e-03
98 6.181063e-03 3.075254e-02 2.821313e-04 7.355100e-03
99 6.019739e-03 3.062370e-02 2.821084e-04 7.169833e-03
100 5.785832e-03 3.021445e-02 2.820987e-04 6.902952e-03
101 5.678279e-03 3.006664e-02 2.820810e-04 6.781042e-03
102 5.496146e-03 2.962699e-02 2.820611e-04 6.575924e-03
103 5.282768e-03 2.893455e-02 2.820453e-04 6.332087e-03
104 5.100338e-03 2.831899e-02 2.820272e-04 6.128536e-03
105 4.879241e-03 2.749468e-02 2.820115e-04 5.881735e-03
106 4.668800e-03 2.669635e-02 2.819966e-04 5.645713e-03
107 4.457683e-03 2.587788e-02 2.819830e-04 5.406061e-03
108 4.260857e-03 2.498653e-02 2.819704e-04 5.181398e-03
109 4.083044e-03 2.415156e-02 2.819583e-04 4.972383e-03
110 3.922224e-03 2.949536e-02 2.819401e-04 4.791410e-03
111 3.741963e-03 2.214447e-02 2.819361e-04 4.572994e-03
112 3.688456e-03 2.184993e-02 2.819216e-04 4.512838e-03
113 3.600787e-03 2.120552e-02 2.819058e-04 4.409681e-03
114 3.529097e-03 2.054000e-02 2.818870e-04 4.301246e-03
115 3.662265e-03 2.877400e-02 2.818822e-04 4.404149e-03
116 3.532325e-03 2.312180e-02 2.818708e-04 4.288736e-03
117 3.411416e-03 1.978470e-02 2.818530e-04 4.151543e-03
118 3.313531e-03 2.051684e-02 2.818473e-04 4.036947e-03
119 3.242157e-03 1.806688e-02 2.818308e-04 3.948428e-03
120 3.135532e-03 1.905884e-02 2.818162e-04 3.826956e-03
121 3.261543e-03 3.832166e-02 2.818055e-04 4.091105e-03
122 3.118086e-03 2.863235e-02 2.817859e-04 3.837886e-03
123 3.178702e-03 3.199328e-02 2.817471e-04 3.946813e-03
124 3.257674e-03 3.350509e-02 2.817279e-04 4.135228e-03
125 3.212392e-03 3.876258e-02 2.817215e-04 4.014790e-03
126 3.138802e-03 3.164475e-02 2.816835e-04 3.902711e-03
127 3.184922e-03 2.746339e-02 2.816760e-04 3.903039e-03
128 3.087027e-03 2.334921e-02 2.816475e-04 3.763465e-03
129 2.919890e-03 2.243575e-02 2.816403e-04 3.576170e-03
130 2.873791e-03 2.220561e-02 2.816260e-04 3.511394e-03
131 2.820892e-03 2.146553e-02 2.816005e-04 3.446019e-03
132 2.793517e-03 2.034279e-02 2.815767e-04 3.383184e-03
133 2.703966e-03 1.967542e-02 2.815546e-04 3.262454e-03
134 2.593342e-03 1.814523e-02 2.815344e-04 3.116502e-03
135 2.525771e-03 2.354518e-02 2.815182e-04 3.058216e-03
136 2.407705e-03 1.551319e-02 2.815005e-04 2.890915e-03
137 2.383925e-03 1.454896e-02 2.814847e-04 2.826919e-03
138 2.311260e-03 1.386928e-02 2.814697e-04 2.731945e-03
139 2.611948e-03 2.353341e-02 2.814671e-04 3.213841e-03
140 2.328056e-03 1.690560e-02 2.814552e-04 2.754161e-03
141 2.627768e-03 2.563231e-02 2.814517e-04 3.184021e-03
142 2.512703e-03 2.662384e-02 2.814269e-04 3.053105e-03
143 2.812354e-03 2.795337e-02 2.814204e-04 3.474099e-03
144 2.689128e-03 2.855232e-02 2.814045e-04 3.303848e-03
145 2.330415e-03 2.576386e-02 2.813849e-04 2.878577e-03
146 2.136552e-03 1.846443e-02 2.813787e-04 2.625663e-03
147 2.093850e-03 1.653919e-02 2.813627e-04 2.576409e-03
148 2.049946e-03 2.797005e-02 2.813578e-04 2.617741e-03
149 2.042245e-03 3.079650e-02 2.813379e-04 2.618277e-03
150 1.997606e-03 1.956052e-02 2.813354e-04 2.520443e-03
151 1.975843e-03 2.066174e-02 2.813192e-04 2.486398e-03
152 1.944055e-03 1.804481e-02 2.813170e-04 2.442758e-03
153 1.925795e-03 1.831120e-02 2.813021e-04 2.417685e-03
154 2.137260e-03 2.229296e-02 2.812986e-04 2.691823e-03
155 2.032612e-03 2.043133e-02 2.812936e-04 2.538723e-03
156 2.049082e-03 2.089777e-02 2.812737e-04 2.580689e-03
157 2.170510e-03 3.048790e-02 2.812704e-04 2.802772e-03
158 2.117881e-03 2.868489e-02 2.812518e-04 2.736777e-03
159 1.925306e-03 2.632877e-02 2.812482e-04 2.540248e-03
160 1.881376e-03 2.507366e-02 2.812318e-04 2.486455e-03
161 1.783369e-03 3.199230e-02 2.812286e-04 2.449155e-03
162 1.750247e-03 3.030897e-02 2.812123e-04 2.403786e-03
163 1.743910e-03 3.343940e-02 2.812090e-04 2.438979e-03
164 1.714840e-03 3.227503e-02 2.811948e-04 2.389611e-03
165 1.729308e-03 3.221540e-02 2.811909e-04 2.399823e-03
166 1.714064e-03 3.171061e-02 2.811743e-04 2.374887e-03
167 1.776475e-03 2.894247e-02 2.811691e-04 2.422031e-03
168 1.730976e-03 2.740754e-02 2.811540e-04 2.348006e-03
169 1.649490e-03 2.305166e-02 2.811477e-04 2.204876e-03
170 1.615852e-03 2.137070e-02 2.811363e-04 2.141038e-03
171 1.551271e-03 1.729908e-02 2.811270e-04 2.025067e-03
172 1.564989e-03 1.778553e-02 2.811174e-04 2.061564e-03
173 1.463755e-03 1.140060e-02 2.811107e-04 1.895750e-03
174 1.388669e-03 9.594855e-03 2.811053e-04 1.790219e-03
175 1.325262e-03 9.218686e-03 2.810997e-04 1.729088e-03
176 1.308529e-03 1.277559e-02 2.810976e-04 1.731160e-03
177 1.282499e-03 9.340117e-03 2.810895e-04 1.693092e-03
178 1.323376e-03 2.381936e-02 2.810871e-04 1.783868e-03
179 1.282067e-03 2.427796e-02 2.810820e-04 1.745870e-03
180 1.255201e-03 2.790646e-02 2.810716e-04 1.728000e-03
181 1.241477e-03 2.435118e-02 2.810669e-04 1.713520e-03
182 1.253017e-03 1.648122e-02 2.810611e-04 1.695466e-03
183 1.331188e-03 1.616202e-02 2.810559e-04 1.807349e-03
184 1.272164e-03 1.327095e-02 2.810509e-04 1.710553e-03
185 1.247802e-03 1.305477e-02 2.810465e-04 1.684717e-03
186 1.215520e-03 1.109115e-02 2.810427e-04 1.636570e-03
187 1.190818e-03 1.038097e-02 2.810393e-04 1.608460e-03
188 1.172370e-03 9.276473e-03 2.810363e-04 1.585461e-03
189 1.156133e-03 8.664205e-03 2.810335e-04 1.568104e-03
190 1.142706e-03 7.963141e-03 2.810309e-04 1.553017e-03
191 1.130440e-03 7.434386e-03 2.810286e-04 1.540209e-03
192 1.119388e-03 6.932519e-03 2.810265e-04 1.528796e-03
193 1.109209e-03 6.586828e-03 2.810245e-04 1.518631e-03
194 1.099603e-03 6.599465e-03 2.810226e-04 1.509118e-03
195 1.090573e-03 6.608055e-03 2.810208e-04 1.500309e-03
196 1.082186e-03 6.614392e-03 2.810192e-04 1.492106e-03
197 1.074226e-03 6.618346e-03 2.810176e-04 1.484574e-03
198 1.066436e-03 6.618475e-03 2.810162e-04 1.477091e-03
199 1.058983e-03 6.617117e-03 2.810147e-04 1.469867e-03
200 1.052202e-03 6.615062e-03 2.810134e-04 1.463150e-03
201 1.046159e-03 6.610337e-03 2.810121e-04 1.456810e-03
202 1.040874e-03 6.603559e-03 2.810108e-04 1.450814e-03
203 1.036352e-03 6.595370e-03 2.810095e-04 1.445174e-03
204 1.033213e-03 6.587743e-03 2.810082e-04 1.440487e-03
205 1.032031e-03 6.579152e-03 2.810070e-04 1.436884e-03
206 1.033187e-03 6.568057e-03 2.810057e-04 1.434388e-03
207 1.036493e-03 6.552636e-03 2.810044e-04 1.432700e-03
208 1.041405e-03 6.534289e-03 2.810030e-04 1.431587e-03
209 1.047494e-03 6.513549e-03 2.810016e-04 1.431107e-03
210 1.085693e-03 6.461634e-03 2.809996e-04 1.446450e-03
211 1.191569e-03 6.358709e-03 2.809970e-04 1.519274e-03
212 1.197144e-03 6.366574e-03 2.809951e-04 1.522960e-03
213 1.166439e-03 6.397958e-03 2.809936e-04 1.496497e-03
214 1.133812e-03 6.419665e-03 2.809923e-04 1.471359e-03
215 1.107296e-03 6.426916e-03 2.809912e-04 1.452358e-03
216 1.086023e-03 6.421466e-03 2.809901e-04 1.437444e-03
217 1.067524e-03 6.405668e-03 2.809890e-04 1.424102e-03
218 1.048379e-03 6.380577e-03 2.809880e-04 1.410012e-03
219 1.027624e-03 6.350787e-03 2.809871e-04 1.395082e-03
220 1.006914e-03 6.316211e-03 2.809861e-04 1.380404e-03
221 9.807391e-04 6.278701e-03 2.809844e-04 1.364916e-03
222 1.217585e-03 1.790832e-02 2.809811e-04 1.657603e-03
223 1.131911e-03 1.481519e-02 2.809714e-04 1.521611e-03
224 1.342308e-03 2.127561e-02 2.809577e-04 1.843372e-03
225 1.394203e-03 1.951696e-02 2.809490e-04 1.922611e-03
226 1.186880e-03 1.255198e-02 2.809455e-04 1.629450e-03
227 1.140785e-03 9.127563e-03 2.809435e-04 1.522135e-03
228 1.115437e-03 7.614896e-03 2.809420e-04 1.469675e-03
229 1.091351e-03 6.564310e-03 2.809406e-04 1.431115e-03
230 1.071950e-03 5.802259e-03 2.809391e-04 1.405030e-03
231 1.037766e-03 5.796841e-03 2.809380e-04 1.369706e-03
232 1.009777e-03 5.640984e-03 2.809370e-04 1.338722e-03
233 9.875596e-04 5.577328e-03 2.809362e-04 1.312846e-03
234 9.756577e-04 5.504590e-03 2.809349e-04 1.295944e-03
235 1.565918e-03 1.981243e-02 2.809331e-04 1.972577e-03
236 1.135161e-03 1.251324e-02 2.809283e-04 1.441423e-03
237 1.261710e-03 1.725513e-02 2.809243e-04 1.588590e-03
238 1.095776e-03 9.349405e-03 2.809228e-04 1.396806e-03
239 9.862213e-04 6.192345e-03 2.809218e-04 1.280471e-03
240 9.268423e-04 5.701331e-03 2.809210e-04 1.225236e-03
241 8.871574e-04 5.223018e-03 2.809203e-04 1.186877e-03
242 8.573217e-04 4.971953e-03 2.809197e-04 1.156470e-03
243 8.327951e-04 4.887068e-03 2.809191e-04 1.130051e-03
244 8.112428e-04 4.800590e-03 2.809186e-04 1.105777e-03
245 7.914185e-04 4.712991e-03 2.809181e-04 1.082739e-03
246 7.726662e-04 4.624570e-03 2.809176e-04 1.060483e-03
247 7.546405e-04 4.535604e-03 2.809172e-04 1.038776e-03
248 7.371425e-04 4.446262e-03 2.809168e-04 1.017484e-03
249 7.200796e-04 4.356724e-03 2.809165e-04 9.965563e-04
250 7.033760e-04 4.267126e-03 2.809162e-04 9.759142e-04
251 6.870178e-04 4.177628e-03 2.809158e-04 9.555585e-04
