1 1.478820e-02 3.397978e-02 4.650651e+00 1.590695e-02
2 5.440816e-03 1.419385e-02 3.017309e+00 6.052919e-03
3 6.825678e-03 1.232858e-02 2.369887e+00 7.445127e-03
4 4.232330e-03 9.202792e-03 2.155018e+00 4.739640e-03
5 2.624895e-03 6.883166e-03 2.050692e+00 2.983908e-03
6 1.858235e-03 5.716323e-03 1.983613e+00 2.112841e-03
7 1.457280e-03 5.126197e-03 1.933294e+00 1.653927e-03
8 1.244539e-03 4.694818e-03 1.890915e+00 1.406156e-03
9 1.123408e-03 4.409699e-03 1.853491e+00 1.263995e-03
10 1.028326e-03 4.099149e-03 1.820538e+00 1.155198e-03
11 9.522972e-04 3.870453e-03 1.791279e+00 1.069146e-03
12 8.814254e-04 3.606172e-03 1.764662e+00 9.940361e-04
13 8.258841e-04 3.392484e-03 1.739252e+00 9.308251e-04
14 7.844835e-04 3.225593e-03 1.711312e+00 8.831885e-04
15 7.438530e-04 3.059594e-03 1.682273e+00 8.350609e-04
16 6.824126e-04 2.871186e-03 1.655991e+00 7.736373e-04
17 6.127956e-04 2.673434e-03 1.635354e+00 7.000040e-04
18 5.884442e-04 2.493216e-03 1.617716e+00 6.692102e-04
19 5.614426e-04 2.318538e-03 1.601692e+00 6.339719e-04
20 5.185987e-04 2.121371e-03 1.588266e+00 5.884702e-04
21 4.903012e-04 1.988032e-03 1.576575e+00 5.618686e-04
22 4.612229e-04 1.836487e-03 1.567863e+00 5.312416e-04
23 4.432131e-04 1.710812e-03 1.560303e+00 5.134592e-04
24 4.287792e-04 1.565944e-03 1.552037e+00 4.980088e-04
25 4.120892e-04 1.517715e-03 1.535756e+00 4.836510e-04
26 3.926331e-04 1.370332e-03 1.528197e+00 4.725295e-04
27 3.959032e-04 1.758960e-03 1.514776e+00 4.785305e-04
28 3.782111e-04 1.236398e-03 1.508794e+00 4.590078e-04
29 3.650439e-04 1.173276e-03 1.504311e+00 4.460482e-04
30 3.596347e-04 1.473255e-03 1.493244e+00 4.367457e-04
31 3.494770e-04 1.095467e-03 1.488914e+00 4.311666e-04
32 3.383720e-04 1.059870e-03 1.485794e+00 4.172605e-04
33 3.251596e-04 1.013522e-03 1.483255e+00 4.034658e-04
34 3.135013e-04 9.880991e-04 1.481087e+00 3.914989e-04
35 3.047420e-04 9.524139e-04 1.479068e+00 3.798565e-04
36 3.062351e-04 1.324648e-03 1.470381e+00 3.754679e-04
37 2.922985e-04 9.629324e-04 1.467590e+00 3.632577e-04
38 2.811548e-04 8.205308e-04 1.465804e+00 3.507669e-04
39 2.849206e-04 8.054345e-04 1.464303e+00 3.471022e-04
40 2.747644e-04 7.935574e-04 1.462984e+00 3.392958e-04
41 2.640119e-04 7.754501e-04 1.461803e+00 3.281118e-04
42 2.622892e-04 7.564040e-04 1.460725e+00 3.237626e-04
43 2.552603e-04 7.448724e-04 1.459726e+00 3.155553e-04
44 2.508014e-04 7.294801e-04 1.458781e+00 3.097121e-04
45 2.605240e-04 1.363742e-03 1.451038e+00 3.128573e-04
46 2.453970e-04 7.346263e-04 1.449318e+00 3.024974e-04
47 2.372619e-04 7.550390e-04 1.448168e+00 2.933135e-04
48 2.337373e-04 7.678831e-04 1.447199e+00 2.878171e-04
49 2.337072e-04 7.852805e-04 1.446333e+00 2.847495e-04
50 2.237364e-04 7.411473e-04 1.445524e+00 2.769625e-04
51 2.200125e-04 7.335586e-04 1.444750e+00 2.717601e-04
52 2.160754e-04 7.560010e-04 1.443996e+00 2.663706e-04
53 2.125682e-04 7.238466e-04 1.443255e+00 2.621643e-04
54 2.079370e-04 7.446505e-04 1.442516e+00 2.564991e-04
55 2.049984e-04 7.249475e-04 1.441778e+00 2.522813e-04
56 1.999298e-04 7.366747e-04 1.441044e+00 2.471692e-04
57 1.967656e-04 7.453094e-04 1.440326e+00 2.420246e-04
58 1.937510e-04 7.240620e-04 1.439639e+00 2.382417e-04
59 1.928235e-04 7.147100e-04 1.438993e+00 2.357700e-04
60 1.858639e-04 7.399610e-04 1.438387e+00 2.291822e-04
61 1.834503e-04 7.540283e-04 1.437816e+00 2.252149e-04
62 1.802253e-04 7.491936e-04 1.437273e+00 2.212431e-04
63 1.773971e-04 7.414276e-04 1.436752e+00 2.178397e-04
64 1.742754e-04 7.486405e-04 1.436249e+00 2.139976e-04
65 1.723448e-04 7.428546e-04 1.435761e+00 2.110590e-04
66 1.682126e-04 7.655748e-04 1.435247e+00 2.066823e-04
67 1.682346e-04 1.384379e-03 1.428264e+00 2.078243e-04
68 1.642334e-04 9.743309e-04 1.426820e+00 2.051891e-04
69 1.607205e-04 9.677204e-04 1.426081e+00 2.011329e-04
70 1.576789e-04 8.801030e-04 1.425459e+00 1.974064e-04
71 1.560263e-04 7.914240e-04 1.424886e+00 1.940574e-04
72 1.523077e-04 7.913976e-04 1.424342e+00 1.899911e-04
73 1.501228e-04 7.865434e-04 1.423816e+00 1.867656e-04
74 1.479431e-04 8.126061e-04 1.423299e+00 1.831777e-04
75 1.446660e-04 8.067420e-04 1.422780e+00 1.796177e-04
76 1.424038e-04 8.160959e-04 1.422250e+00 1.763707e-04
77 1.398495e-04 8.012978e-04 1.421695e+00 1.733836e-04
78 1.369192e-04 8.017473e-04 1.421107e+00 1.698315e-04
79 1.346922e-04 7.793052e-04 1.420492e+00 1.678261e-04
80 1.315965e-04 7.907213e-04 1.419878e+00 1.638824e-04
81 1.294643e-04 7.793310e-04 1.419299e+00 1.613018e-04
82 1.276177e-04 7.803521e-04 1.418770e+00 1.590252e-04
83 1.254112e-04 7.804073e-04 1.418287e+00 1.572595e-04
84 1.250664e-04 7.659521e-04 1.417794e+00 1.553791e-04
85 1.344255e-04 9.781229e-04 1.410334e+00 1.673114e-04
86 1.275999e-04 1.160244e-03 1.408454e+00 1.663809e-04
87 1.213383e-04 9.678920e-04 1.407610e+00 1.574440e-04
88 1.194266e-04 9.091650e-04 1.406981e+00 1.530085e-04
89 1.208166e-04 8.424355e-04 1.406451e+00 1.516988e-04
90 1.155248e-04 8.047739e-04 1.405983e+00 1.473160e-04
91 1.132477e-04 7.609134e-04 1.405552e+00 1.450051e-04
92 1.117029e-04 7.101233e-04 1.405146e+00 1.422236e-04
