1 2.643431e-02 5.235973e-02 5.474553e+00 2.847046e-02
2 1.117311e-02 1.965473e-02 3.463911e+00 1.205147e-02
3 4.601158e-03 1.009261e-02 2.936369e+00 5.018492e-03
4 3.373774e-03 8.982431e-03 2.687315e+00 3.732318e-03
5 2.572903e-03 7.456109e-03 2.541212e+00 2.884506e-03
6 1.996214e-03 5.888731e-03 2.447439e+00 2.269568e-03
7 1.559695e-03 4.793445e-03 2.384046e+00 1.811974e-03
8 1.228560e-03 4.354877e-03 2.339767e+00 1.464958e-03
9 9.790035e-04 4.152270e-03 2.307951e+00 1.207021e-03
10 7.942388e-04 3.935450e-03 2.284380e+00 1.015871e-03
11 6.564937e-04 3.733684e-03 2.266354e+00 8.732251e-04
12 5.540795e-04 3.500939e-03 2.252123e+00 7.640167e-04
13 4.759659e-04 3.264973e-03 2.240554e+00 6.806504e-04
14 4.173795e-04 3.020100e-03 2.230918e+00 6.137153e-04
15 3.721152e-04 2.793670e-03 2.222728e+00 5.611605e-04
16 3.395110e-04 2.571533e-03 2.215642e+00 5.186012e-04
17 3.139793e-04 2.452678e-03 2.209414e+00 4.837655e-04
18 2.939091e-04 2.350996e-03 2.203870e+00 4.545644e-04
19 2.775807e-04 2.253617e-03 2.198888e+00 4.301661e-04
20 2.643121e-04 2.155424e-03 2.194378e+00 4.093816e-04
21 2.530288e-04 2.135049e-03 2.190270e+00 3.914129e-04
22 2.424853e-04 2.138072e-03 2.186505e+00 3.761563e-04
23 2.351310e-04 2.117375e-03 2.183035e+00 3.620816e-04
24 2.278152e-04 2.098998e-03 2.179819e+00 3.499361e-04
25 2.212305e-04 2.072652e-03 2.176822e+00 3.392729e-04
26 2.159756e-04 2.035475e-03 2.174014e+00 3.296932e-04
27 2.110235e-04 1.984588e-03 2.171370e+00 3.208600e-04
28 2.070332e-04 1.925277e-03 2.168872e+00 3.126829e-04
29 2.030179e-04 1.862866e-03 2.166501e+00 3.054479e-04
30 1.991978e-04 1.795316e-03 2.164245e+00 2.988682e-04
31 1.968990e-04 1.712792e-03 2.162093e+00 2.921200e-04
32 1.938342e-04 1.633696e-03 2.160034e+00 2.862580e-04
33 1.913685e-04 1.551985e-03 2.158062e+00 2.805982e-04
34 1.886261e-04 1.470197e-03 2.156170e+00 2.755248e-04
35 1.874467e-04 1.381848e-03 2.154351e+00 2.702247e-04
36 1.856370e-04 1.301939e-03 2.152600e+00 2.655695e-04
37 1.841307e-04 1.285687e-03 2.150912e+00 2.611849e-04
38 1.819380e-04 1.275546e-03 2.149282e+00 2.573611e-04
39 1.809886e-04 1.262144e-03 2.147706e+00 2.536437e-04
40 1.799061e-04 1.244543e-03 2.146180e+00 2.502558e-04
41 1.786777e-04 1.222045e-03 2.144699e+00 2.473429e-04
42 1.777214e-04 1.193724e-03 2.143261e+00 2.446831e-04
43 1.768439e-04 1.161490e-03 2.141863e+00 2.422857e-04
44 1.757968e-04 1.129671e-03 2.140502e+00 2.401553e-04
45 1.748085e-04 1.095862e-03 2.139175e+00 2.382556e-04
46 1.740289e-04 1.059456e-03 2.137882e+00 2.364337e-04
47 1.729941e-04 1.022545e-03 2.136620e+00 2.347780e-04
48 1.724538e-04 9.892709e-04 2.135388e+00 2.330915e-04
49 1.712827e-04 9.564482e-04 2.134184e+00 2.316232e-04
50 1.704459e-04 9.227338e-04 2.133009e+00 2.300606e-04
51 1.691411e-04 8.935090e-04 2.131861e+00 2.287208e-04
52 1.680942e-04 8.617651e-04 2.130740e+00 2.270853e-04
53 1.674163e-04 8.336958e-04 2.129645e+00 2.253898e-04
54 1.658456e-04 8.032188e-04 2.128575e+00 2.236156e-04
55 1.646790e-04 8.104984e-04 2.127530e+00 2.219629e-04
56 1.630426e-04 8.141507e-04 2.126510e+00 2.201145e-04
57 1.618418e-04 8.159552e-04 2.125515e+00 2.181872e-04
58 1.601584e-04 8.172081e-04 2.124543e+00 2.162010e-04
59 1.586717e-04 8.134475e-04 2.123594e+00 2.141797e-04
60 1.569274e-04 8.101458e-04 2.122669e+00 2.121292e-04
61 1.559560e-04 7.999076e-04 2.121766e+00 2.097853e-04
62 1.544183e-04 7.873596e-04 2.120886e+00 2.075160e-04
63 1.523968e-04 7.755035e-04 2.120028e+00 2.052207e-04
64 1.513463e-04 7.611428e-04 2.119191e+00 2.028908e-04
65 1.496802e-04 7.401642e-04 2.118375e+00 2.003711e-04
66 1.479745e-04 7.218094e-04 2.117580e+00 1.979187e-04
67 1.462509e-04 6.977929e-04 2.116805e+00 1.951990e-04
68 1.445408e-04 6.766480e-04 2.116049e+00 1.926123e-04
69 1.433288e-04 6.610500e-04 2.115311e+00 1.901414e-04
70 1.418631e-04 6.492719e-04 2.114592e+00 1.874387e-04
71 1.401585e-04 6.393144e-04 2.113890e+00 1.849181e-04
72 1.387600e-04 6.249398e-04 2.113205e+00 1.822831e-04
73 1.373012e-04 6.089316e-04 2.112536e+00 1.795810e-04
74 1.360619e-04 5.932299e-04 2.111882e+00 1.770551e-04
75 1.346741e-04 5.786060e-04 2.111243e+00 1.745613e-04
76 1.333144e-04 5.616823e-04 2.110618e+00 1.721092e-04
77 1.316950e-04 5.452722e-04 2.110006e+00 1.696646e-04
78 1.308045e-04 5.284299e-04 2.109407e+00 1.674785e-04
79 1.296164e-04 5.177626e-04 2.108821e+00 1.652025e-04
80 1.281984e-04 5.081875e-04 2.108246e+00 1.628952e-04
81 1.274082e-04 4.969244e-04 2.107683e+00 1.609418e-04
82 1.261241e-04 4.865458e-04 2.107130e+00 1.588979e-04
83 1.248715e-04 4.760324e-04 2.106588e+00 1.568314e-04
84 1.239159e-04 4.662431e-04 2.106055e+00 1.550050e-04
85 1.231350e-04 4.594464e-04 2.105533e+00 1.533166e-04
86 1.220401e-04 4.500578e-04 2.105019e+00 1.515010e-04
87 1.211347e-04 4.383270e-04 2.104514e+00 1.498221e-04
88 1.202263e-04 4.303369e-04 2.104018e+00 1.483628e-04
89 1.191150e-04 4.224815e-04 2.103530e+00 1.466491e-04
90 1.183543e-04 4.146792e-04 2.103049e+00 1.452266e-04
91 1.172479e-04 4.080710e-04 2.102577e+00 1.437040e-04
92 1.168337e-04 3.993956e-04 2.102112e+00 1.425078e-04
93 1.159988e-04 3.926940e-04 2.101653e+00 1.412959e-04
94 1.150122e-04 3.842717e-04 2.101202e+00 1.399635e-04
95 1.142428e-04 3.778260e-04 2.100757e+00 1.387542e-04
96 1.135033e-04 3.717933e-04 2.100319e+00 1.376196e-04
97 1.129044e-04 3.645623e-04 2.099887e+00 1.366198e-04
98 1.122602e-04 3.603593e-04 2.099461e+00 1.354682e-04
99 1.115983e-04 3.545425e-04 2.099041e+00 1.344907e-04
100 1.107710e-04 3.475050e-04 2.098627e+00 1.333994e-04
101 1.102583e-04 3.423484e-04 2.098219e+00 1.325646e-04
102 1.095651e-04 3.369401e-04 2.097815e+00 1.315833e-04
103 1.089071e-04 3.345919e-04 2.097418e+00 1.306342e-04
104 1.082889e-04 3.294755e-04 2.097025e+00 1.297566e-04
105 1.076584e-04 3.220681e-04 2.096637e+00 1.289167e-04
106 1.071586e-04 3.192908e-04 2.096254e+00 1.281060e-04
107 1.070006e-04 3.151506e-04 2.095876e+00 1.275228e-04
108 1.062648e-04 3.117582e-04 2.095503e+00 1.266593e-04
109 1.052595e-04 3.068832e-04 2.095134e+00 1.256853e-04
110 1.051454e-04 3.040950e-04 2.094770e+00 1.250869e-04
111 1.047893e-04 3.020056e-04 2.094409e+00 1.244667e-04
112 1.038537e-04 3.016334e-04 2.094054e+00 1.235643e-04
113 1.037915e-04 3.009545e-04 2.093702e+00 1.230868e-04
114 1.027023e-04 3.019709e-04 2.093354e+00 1.221607e-04
115 1.023583e-04 3.009836e-04 2.093010e+00 1.215444e-04
116 1.020164e-04 2.998437e-04 2.092670e+00 1.209406e-04
117 1.015709e-04 3.001018e-04 2.092334e+00 1.203262e-04
118 1.010337e-04 2.997644e-04 2.092001e+00 1.196793e-04
119 1.007422e-04 2.989003e-04 2.091672e+00 1.191388e-04
120 1.002506e-04 2.995338e-04 2.091347e+00 1.185390e-04
121 9.952084e-05 2.996978e-04 2.091025e+00 1.178224e-04
122 9.919532e-05 2.993623e-04 2.090706e+00 1.172985e-04
123 9.870841e-05 2.986231e-04 2.090391e+00 1.167053e-04
124 9.854819e-05 2.997144e-04 2.090078e+00 1.162849e-04
125 9.804512e-05 2.996233e-04 2.089769e+00 1.157096e-04
126 9.763899e-05 2.993382e-04 2.089463e+00 1.151735e-04
127 9.716546e-05 3.001711e-04 2.089160e+00 1.146402e-04
128 9.672067e-05 3.014584e-04 2.088859e+00 1.141041e-04
129 9.688695e-05 3.006365e-04 2.088562e+00 1.138656e-04
130 9.589596e-05 3.011441e-04 2.088267e+00 1.130792e-04
131 9.559118e-05 3.015638e-04 2.087975e+00 1.126279e-04
132 9.519016e-05 3.015143e-04 2.087686e+00 1.121393e-04
133 9.489254e-05 3.013741e-04 2.087399e+00 1.116935e-04
134 9.427829e-05 3.006005e-04 2.087115e+00 1.111241e-04
135 9.399950e-05 3.018593e-04 2.086833e+00 1.107084e-04
136 9.324542e-05 3.016561e-04 2.086554e+00 1.101356e-04
137 9.315854e-05 3.002183e-04 2.086277e+00 1.097614e-04
138 9.273789e-05 3.023575e-04 2.086002e+00 1.093090e-04
139 9.232162e-05 3.031725e-04 2.085729e+00 1.088688e-04
140 9.194076e-05 3.028359e-04 2.085459e+00 1.084274e-04
141 9.190525e-05 3.027084e-04 2.085191e+00 1.081175e-04
142 9.118940e-05 3.017548e-04 2.084924e+00 1.075644e-04
143 9.138573e-05 3.003198e-04 2.084660e+00 1.073508e-04
144 9.076080e-05 3.020493e-04 2.084398e+00 1.068497e-04
145 9.042646e-05 3.007394e-04 2.084137e+00 1.064441e-04
146 8.973750e-05 3.022533e-04 2.083879e+00 1.059417e-04
147 8.953133e-05 3.005006e-04 2.083622e+00 1.055924e-04
148 8.932883e-05 3.013683e-04 2.083367e+00 1.052545e-04
149 8.887898e-05 3.022782e-04 2.083114e+00 1.048435e-04
150 8.874575e-05 2.999369e-04 2.082863e+00 1.045442e-04
151 8.833068e-05 3.020896e-04 2.082613e+00 1.041472e-04
152 8.780962e-05 3.038873e-04 2.082364e+00 1.037339e-04
153 8.732483e-05 3.016224e-04 2.082117e+00 1.033335e-04
154 8.714671e-05 3.015847e-04 2.081872e+00 1.030243e-04
155 8.655060e-05 3.042515e-04 2.081628e+00 1.026153e-04
156 8.621508e-05 3.031627e-04 2.081386e+00 1.022714e-04
157 8.607427e-05 3.024164e-04 2.081145e+00 1.019815e-04
158 8.551808e-05 3.028145e-04 2.080906e+00 1.016085e-04
159 8.528335e-05 3.032078e-04 2.080667e+00 1.012946e-04
160 8.515333e-05 3.028914e-04 2.080431e+00 1.010263e-04
161 8.435406e-05 3.021737e-04 2.080195e+00 1.006297e-04
162 8.447910e-05 3.043345e-04 2.079961e+00 1.003871e-04
163 8.385906e-05 3.021925e-04 2.079728e+00 1.000325e-04
164 8.381759e-05 3.031014e-04 2.079497e+00 9.976586e-05
165 8.367582e-05 3.026927e-04 2.079266e+00 9.953324e-05
166 8.328839e-05 3.026281e-04 2.079037e+00 9.920473e-05
1 9.281607e-03 2.014204e-02 2.338160e+00 1.031349e-02
2 2.750499e-03 5.821544e-03 1.958447e+00 2.983921e-03
3 1.844378e-03 4.288541e-03 1.851614e+00 2.058598e-03
4 1.788449e-03 4.182862e-03 1.793877e+00 2.014020e-03
5 1.523849e-03 3.916453e-03 1.761546e+00 1.730212e-03
6 1.279541e-03 3.753812e-03 1.738606e+00 1.479054e-03
7 1.090871e-03 3.512193e-03 1.723150e+00 1.277430e-03
8 9.466555e-04 3.283770e-03 1.711542e+00 1.134284e-03
9 8.419061e-04 3.019164e-03 1.702417e+00 1.030269e-03
10 7.659786e-04 3.063698e-03 1.694794e+00 9.517473e-04
11 7.096580e-04 3.075671e-03 1.688185e+00 8.935716e-04
12 6.640128e-04 3.106520e-03 1.682296e+00 8.518456e-04
13 6.318169e-04 3.114794e-03 1.676927e+00 8.212515e-04
14 6.123086e-04 3.134357e-03 1.671929e+00 7.990570e-04
15 5.984044e-04 3.119586e-03 1.667183e+00 7.861812e-04
16 5.898490e-04 3.106953e-03 1.662591e+00 7.809213e-04
17 5.873407e-04 3.075877e-03 1.658071e+00 7.813456e-04
18 5.901846e-04 3.047732e-03 1.653573e+00 7.853692e-04
19 5.924368e-04 3.003422e-03 1.649087e+00 7.923601e-04
20 5.982963e-04 2.973449e-03 1.644656e+00 7.930933e-04
21 5.934216e-04 2.890075e-03 1.640350e+00 7.898223e-04
22 5.901122e-04 2.824251e-03 1.636217e+00 7.823695e-04
23 5.847534e-04 2.746348e-03 1.632267e+00 7.743236e-04
24 5.812192e-04 2.670876e-03 1.628493e+00 7.653810e-04
25 5.734117e-04 2.576078e-03 1.624887e+00 7.577101e-04
26 5.674988e-04 2.489637e-03 1.621446e+00 7.490752e-04
27 5.632174e-04 2.412049e-03 1.618167e+00 7.393523e-04
28 5.541226e-04 2.316188e-03 1.615045e+00 7.298245e-04
29 5.483812e-04 2.244923e-03 1.612077e+00 7.185920e-04
30 5.432828e-04 2.179617e-03 1.609255e+00 7.063493e-04
31 5.333285e-04 2.095182e-03 1.606570e+00 6.939759e-04
32 5.248655e-04 2.024881e-03 1.604004e+00 6.808868e-04
33 5.153683e-04 1.953102e-03 1.601541e+00 6.678559e-04
34 5.059516e-04 1.878354e-03 1.599164e+00 6.550444e-04
35 4.975446e-04 1.813247e-03 1.596859e+00 6.425272e-04
36 4.902965e-04 1.752148e-03 1.594616e+00 6.305977e-04
37 4.813335e-04 1.692199e-03 1.592427e+00 6.193217e-04
38 4.737423e-04 1.626943e-03 1.590286e+00 6.086115e-04
39 4.676077e-04 1.581597e-03 1.588191e+00 5.981630e-04
40 4.617432e-04 1.553890e-03 1.586141e+00 5.883341e-04
41 4.541180e-04 1.516797e-03 1.584136e+00 5.792395e-04
42 4.483768e-04 1.479050e-03 1.582178e+00 5.702624e-04
43 4.439325e-04 1.455839e-03 1.580268e+00 5.616105e-04
44 4.376574e-04 1.406554e-03 1.578407e+00 5.534617e-04
45 4.316738e-04 1.375895e-03 1.576595e+00 5.452845e-04
46 4.264335e-04 1.336919e-03 1.574834e+00 5.374297e-04
47 4.219484e-04 1.305204e-03 1.573124e+00 5.299053e-04
48 4.164770e-04 1.262995e-03 1.571465e+00 5.224810e-04
49 4.114183e-04 1.221832e-03 1.569856e+00 5.154553e-04
50 4.060990e-04 1.179753e-03 1.568297e+00 5.083148e-04
51 4.009185e-04 1.142320e-03 1.566784e+00 5.014731e-04
52 3.964271e-04 1.105694e-03 1.565315e+00 4.946504e-04
53 3.923030e-04 1.082111e-03 1.563885e+00 4.878680e-04
54 3.868359e-04 1.072495e-03 1.562489e+00 4.816093e-04
55 3.821549e-04 1.060505e-03 1.561122e+00 4.756481e-04
56 3.780514e-04 1.051208e-03 1.559777e+00 4.700607e-04
57 3.734516e-04 1.050925e-03 1.558450e+00 4.647661e-04
58 3.696710e-04 1.047630e-03 1.557136e+00 4.598405e-04
59 3.658126e-04 1.046713e-03 1.555829e+00 4.553181e-04
60 3.629335e-04 1.042703e-03 1.554525e+00 4.512702e-04
61 3.588425e-04 1.043914e-03 1.553218e+00 4.478822e-04
62 3.570004e-04 1.048994e-03 1.551904e+00 4.443288e-04
63 3.541939e-04 1.046442e-03 1.550579e+00 4.419356e-04
64 3.524489e-04 1.058116e-03 1.549240e+00 4.396301e-04
65 3.493511e-04 1.069987e-03 1.547885e+00 4.381679e-04
66 3.485078e-04 1.077435e-03 1.546515e+00 4.368161e-04
67 3.469685e-04 1.085050e-03 1.545130e+00 4.363201e-04
68 3.465252e-04 1.102670e-03 1.543735e+00 4.357601e-04
69 3.457225e-04 1.112027e-03 1.542336e+00 4.359524e-04
70 3.439496e-04 1.122715e-03 1.540943e+00 4.364586e-04
71 3.439878e-04 1.135590e-03 1.539566e+00 4.363876e-04
72 3.422092e-04 1.151938e-03 1.538218e+00 4.362936e-04
73 3.397337e-04 1.161084e-03 1.536909e+00 4.360995e-04
74 3.388252e-04 1.160971e-03 1.535650e+00 4.349547e-04
75 3.360782e-04 1.161933e-03 1.534447e+00 4.332451e-04
76 3.320601e-04 1.167559e-03 1.533302e+00 4.307368e-04
77 3.290357e-04 1.160494e-03 1.532212e+00 4.274480e-04
78 3.257086e-04 1.148484e-03 1.531171e+00 4.237481e-04
79 3.211004e-04 1.145851e-03 1.530173e+00 4.194906e-04
80 3.166368e-04 1.127384e-03 1.529212e+00 4.153883e-04
81 3.130031e-04 1.115873e-03 1.528280e+00 4.109258e-04
82 3.094352e-04 1.099076e-03 1.527372e+00 4.065925e-04
83 3.055450e-04 1.084665e-03 1.526483e+00 4.024711e-04
84 3.018959e-04 1.071537e-03 1.525608e+00 3.986205e-04
85 2.988263e-04 1.046665e-03 1.524744e+00 3.951207e-04
86 2.960406e-04 1.029505e-03 1.523887e+00 3.918419e-04
87 2.941436e-04 1.017688e-03 1.523034e+00 3.885951e-04
88 2.921093e-04 1.005368e-03 1.522182e+00 3.858166e-04
89 2.903131e-04 9.916073e-04 1.521328e+00 3.834630e-04
90 2.889468e-04 9.753685e-04 1.520471e+00 3.814927e-04
91 2.874876e-04 9.630879e-04 1.519610e+00 3.798901e-04
92 2.865916e-04 9.430422e-04 1.518745e+00 3.787135e-04
93 2.864678e-04 9.349375e-04 1.517877e+00 3.773757e-04
94 2.866139e-04 9.233392e-04 1.517006e+00 3.763954e-04
95 2.865971e-04 9.116234e-04 1.516132e+00 3.757006e-04
96 2.855583e-04 8.931478e-04 1.515255e+00 3.753588e-04
97 2.862236e-04 8.878438e-04 1.514374e+00 3.746292e-04
98 2.859630e-04 8.884824e-04 1.513485e+00 3.744544e-04
99 2.854401e-04 8.922732e-04 1.512584e+00 3.744500e-04
100 2.857546e-04 8.939660e-04 1.511668e+00 3.744394e-04
101 2.862747e-04 8.950788e-04 1.510736e+00 3.743756e-04
102 2.870560e-04 8.937647e-04 1.509786e+00 3.744094e-04
103 2.872559e-04 8.966481e-04 1.508821e+00 3.747166e-04
104 2.875224e-04 9.026557e-04 1.507844e+00 3.750912e-04
105 2.880996e-04 9.054491e-04 1.506861e+00 3.753580e-04
106 2.882849e-04 9.076807e-04 1.505878e+00 3.756104e-04
107 2.885645e-04 9.089938e-04 1.504904e+00 3.755303e-04
108 2.887639e-04 9.113508e-04 1.503945e+00 3.753622e-04
109 2.887884e-04 9.124226e-04 1.503006e+00 3.748853e-04
110 2.883008e-04 9.181782e-04 1.502091e+00 3.744712e-04
111 2.872544e-04 9.188503e-04 1.501203e+00 3.737153e-04
112 2.860621e-04 9.240795e-04 1.500343e+00 3.727772e-04
113 2.848535e-04 9.268937e-04 1.499511e+00 3.717744e-04
114 2.837086e-04 9.261048e-04 1.498707e+00 3.701516e-04
115 2.819117e-04 9.290061e-04 1.497929e+00 3.687641e-04
116 2.803699e-04 9.285521e-04 1.497175e+00 3.671289e-04
117 2.787142e-04 9.311157e-04 1.496443e+00 3.655547e-04
118 2.773693e-04 9.347160e-04 1.495730e+00 3.639290e-04
119 2.757884e-04 9.346041e-04 1.495034e+00 3.622602e-04
120 2.741551e-04 9.383597e-04 1.494354e+00 3.608062e-04
121 2.731618e-04 9.346968e-04 1.493687e+00 3.590856e-04
122 2.721020e-04 9.369843e-04 1.493031e+00 3.575258e-04
123 2.705492e-04 9.419773e-04 1.492385e+00 3.563246e-04
124 2.697705e-04 9.416682e-04 1.491747e+00 3.548277e-04
125 2.686941e-04 9.407557e-04 1.491117e+00 3.534477e-04
126 2.677543e-04 9.408718e-04 1.490493e+00 3.521682e-04
127 2.670238e-04 9.380410e-04 1.489875e+00 3.507909e-04
128 2.673452e-04 9.294113e-04 1.489260e+00 3.491455e-04
129 2.657017e-04 9.348131e-04 1.488650e+00 3.483289e-04
130 2.653581e-04 9.304352e-04 1.488043e+00 3.470267e-04
131 2.645734e-04 9.298342e-04 1.487437e+00 3.461277e-04
132 2.644592e-04 9.283029e-04 1.486834e+00 3.449255e-04
133 2.638602e-04 9.319041e-04 1.486230e+00 3.442358e-04
134 2.637612e-04 9.261283e-04 1.485627e+00 3.430819e-04
135 2.635633e-04 9.167602e-04 1.485024e+00 3.420188e-04
136 2.638873e-04 9.162356e-04 1.484419e+00 3.411459e-04
137 2.637264e-04 9.097732e-04 1.483812e+00 3.402948e-04
138 2.639479e-04 9.071098e-04 1.483202e+00 3.396464e-04
139 2.640107e-04 9.022822e-04 1.482590e+00 3.389966e-04
140 2.639188e-04 8.939561e-04 1.481974e+00 3.384901e-04
141 2.644395e-04 8.908291e-04 1.481353e+00 3.379694e-04
142 2.649688e-04 8.830843e-04 1.480728e+00 3.375357e-04
143 2.654510e-04 8.766605e-04 1.480099e+00 3.372241e-04
144 2.665107e-04 8.706653e-04 1.479463e+00 3.369600e-04
145 2.665029e-04 8.660094e-04 1.478823e+00 3.371200e-04
146 2.675349e-04 8.582073e-04 1.478176e+00 3.370292e-04
147 2.689442e-04 8.469496e-04 1.477523e+00 3.369798e-04
148 2.696268e-04 8.443634e-04 1.476863e+00 3.373979e-04
149 2.707331e-04 8.364602e-04 1.476197e+00 3.378047e-04
150 2.721245e-04 8.309191e-04 1.475524e+00 3.383585e-04
151 2.739332e-04 8.194785e-04 1.474843e+00 3.388057e-04
152 2.751648e-04 8.138569e-04 1.474156e+00 3.397161e-04
153 2.768625e-04 8.077453e-04 1.473461e+00 3.406625e-04
154 2.783299e-04 8.035267e-04 1.472757e+00 3.419541e-04
155 2.801267e-04 8.006196e-04 1.472043e+00 3.432154e-04
156 2.819526e-04 7.945259e-04 1.471317e+00 3.446234e-04
157 2.843929e-04 7.859018e-04 1.470575e+00 3.460726e-04
158 2.856835e-04 7.892277e-04 1.469813e+00 3.480600e-04
159 2.875717e-04 7.845591e-04 1.469021e+00 3.498739e-04
160 2.898532e-04 7.828868e-04 1.468185e+00 3.517562e-04
161 2.920203e-04 7.786297e-04 1.467287e+00 3.538405e-04
162 2.938618e-04 7.783893e-04 1.466303e+00 3.563461e-04
163 2.960102e-04 7.752048e-04 1.465211e+00 3.594488e-04
164 2.984762e-04 7.782844e-04 1.464005e+00 3.632167e-04
165 3.019453e-04 7.780698e-04 1.462719e+00 3.677795e-04
166 3.056416e-04 7.788201e-04 1.461426e+00 3.722788e-04
167 3.090088e-04 7.789758e-04 1.460192e+00 3.764913e-04
168 3.122553e-04 7.746904e-04 1.459040e+00 3.795026e-04
169 3.143340e-04 7.727813e-04 1.457964e+00 3.818243e-04
170 3.158796e-04 7.800854e-04 1.456952e+00 3.834431e-04
171 3.170694e-04 7.729746e-04 1.455993e+00 3.839219e-04
172 3.175618e-04 7.702573e-04 1.455074e+00 3.839640e-04
173 3.178385e-04 7.658788e-04 1.454187e+00 3.837056e-04
174 3.179190e-04 7.656507e-04 1.453326e+00 3.834088e-04
175 3.176308e-04 7.561967e-04 1.452485e+00 3.825716e-04
176 3.174798e-04 7.564288e-04 1.451661e+00 3.820490e-04
177 3.167124e-04 7.506551e-04 1.450853e+00 3.810878e-04
178 3.167547e-04 7.457246e-04 1.450059e+00 3.800418e-04
179 3.160239e-04 7.367408e-04 1.449278e+00 3.789591e-04
180 3.148934e-04 7.348212e-04 1.448510e+00 3.780000e-04
181 3.141937e-04 7.327033e-04 1.447753e+00 3.768357e-04
182 3.129837e-04 7.290469e-04 1.447008e+00 3.756723e-04
183 3.116369e-04 7.281949e-04 1.446274e+00 3.743498e-04
184 3.108314e-04 7.181244e-04 1.445550e+00 3.727481e-04
185 3.094868e-04 7.139707e-04 1.444837e+00 3.713393e-04
186 3.075206e-04 7.170894e-04 1.444134e+00 3.701785e-04
187 3.061457e-04 7.061223e-04 1.443440e+00 3.684625e-04
188 3.049342e-04 7.040662e-04 1.442755e+00 3.669049e-04
189 3.037776e-04 6.977778e-04 1.442078e+00 3.652044e-04
190 3.022365e-04 6.908067e-04 1.441410e+00 3.635813e-04
191 3.003162e-04 6.894212e-04 1.440750e+00 3.621545e-04
192 2.992928e-04 6.849593e-04 1.440098e+00 3.604229e-04
193 2.976704e-04 6.793960e-04 1.439453e+00 3.588513e-04
194 2.960692e-04 6.745074e-04 1.438815e+00 3.572395e-04
195 2.952307e-04 6.669691e-04 1.438183e+00 3.555205e-04
196 2.933034e-04 6.649482e-04 1.437558e+00 3.540064e-04
197 2.917200e-04 6.588269e-04 1.436939e+00 3.525146e-04
198 2.899827e-04 6.638847e-04 1.436326e+00 3.511772e-04
199 2.893135e-04 6.542580e-04 1.435718e+00 3.493386e-04
200 2.883819e-04 6.478895e-04 1.435115e+00 3.476925e-04
201 2.863282e-04 6.495568e-04 1.434518e+00 3.464390e-04
202 2.856951e-04 6.467614e-04 1.433925e+00 3.448791e-04
203 2.842755e-04 6.375457e-04 1.433336e+00 3.433648e-04
204 2.832062e-04 6.356267e-04 1.432752e+00 3.419492e-04
205 2.817216e-04 6.329498e-04 1.432172e+00 3.406423e-04
206 2.807981e-04 6.299553e-04 1.431595e+00 3.392009e-04
207 2.810100e-04 6.260005e-04 1.431022e+00 3.377259e-04
208 2.788702e-04 6.246302e-04 1.430452e+00 3.365650e-04
209 2.774974e-04 6.188925e-04 1.429885e+00 3.353613e-04
210 2.762419e-04 6.185987e-04 1.429321e+00 3.342420e-04
211 2.751410e-04 6.166689e-04 1.428760e+00 3.331450e-04
212 2.749289e-04 6.098304e-04 1.428200e+00 3.317974e-04
213 2.744110e-04 6.069253e-04 1.427643e+00 3.306449e-04
214 2.737973e-04 6.066388e-04 1.427087e+00 3.296407e-04
215 2.725034e-04 6.024394e-04 1.426532e+00 3.287188e-04
216 2.723496e-04 5.966208e-04 1.425978e+00 3.277700e-04
217 2.713944e-04 5.966537e-04 1.425425e+00 3.268846e-04
218 2.708882e-04 5.975308e-04 1.424872e+00 3.260465e-04
219 2.703867e-04 5.917170e-04 1.424319e+00 3.252241e-04
220 2.699337e-04 5.898972e-04 1.423766e+00 3.245090e-04
221 2.696083e-04 5.838348e-04 1.423212e+00 3.238788e-04
222 2.693142e-04 5.843789e-04 1.422656e+00 3.232560e-04
223 2.696109e-04 5.804903e-04 1.422100e+00 3.225800e-04
224 2.689990e-04 5.805387e-04 1.421541e+00 3.222177e-04
225 2.700510e-04 5.698033e-04 1.420980e+00 3.216065e-04
226 2.689216e-04 5.763568e-04 1.420416e+00 3.213197e-04
227 2.679311e-04 5.719238e-04 1.419850e+00 3.212723e-04
228 2.684550e-04 5.735001e-04 1.419280e+00 3.208287e-04
229 2.687689e-04 5.653883e-04 1.418706e+00 3.206263e-04
230 2.675355e-04 5.711411e-04 1.418128e+00 3.208161e-04
231 2.692154e-04 5.735785e-04 1.417546e+00 3.203846e-04
232 2.690845e-04 5.846570e-04 1.416959e+00 3.205033e-04
233 2.698470e-04 5.827259e-04 1.416367e+00 3.203402e-04
234 2.705827e-04 5.904329e-04 1.415770e+00 3.204178e-04
235 2.709081e-04 5.991707e-04 1.415166e+00 3.206208e-04
236 2.709471e-04 6.048964e-04 1.414555e+00 3.208801e-04
237 2.716008e-04 6.106942e-04 1.413937e+00 3.211930e-04
238 2.715674e-04 6.213131e-04 1.413310e+00 3.217380e-04
239 2.715900e-04 6.315815e-04 1.412674e+00 3.224361e-04
240 2.738703e-04 6.288588e-04 1.412026e+00 3.226899e-04
241 2.744968e-04 6.418506e-04 1.411367e+00 3.235077e-04
242 2.760024e-04 6.462046e-04 1.410693e+00 3.242273e-04
243 2.766972e-04 6.531868e-04 1.410003e+00 3.253083e-04
244 2.775585e-04 6.631330e-04 1.409296e+00 3.265024e-04
245 2.788271e-04 6.679710e-04 1.408569e+00 3.278134e-04
246 2.812289e-04 6.743501e-04 1.407820e+00 3.290891e-04
247 2.831115e-04 6.814049e-04 1.407046e+00 3.307030e-04
248 2.855337e-04 6.812742e-04 1.406243e+00 3.324084e-04
249 2.886123e-04 6.858882e-04 1.405409e+00 3.342868e-04
250 2.897452e-04 7.005647e-04 1.404540e+00 3.368656e-04
251 2.930436e-04 7.015894e-04 1.403632e+00 3.391610e-04
252 2.958707e-04 7.091355e-04 1.402682e+00 3.419400e-04
253 2.999403e-04 7.086363e-04 1.401689e+00 3.446441e-04
254 3.025210e-04 7.146006e-04 1.400652e+00 3.478189e-04
255 3.062141e-04 7.190027e-04 1.399572e+00 3.508574e-04
256 3.090465e-04 7.254737e-04 1.398457e+00 3.540058e-04
257 3.117285e-04 7.333427e-04 1.397312e+00 3.570198e-04
258 3.162946e-04 7.263580e-04 1.396148e+00 3.592443e-04
259 3.171040e-04 7.390543e-04 1.394975e+00 3.615737e-04
260 3.190177e-04 7.449424e-04 1.393805e+00 3.630829e-04
261 3.193783e-04 7.521199e-04 1.392646e+00 3.642107e-04
262 3.201289e-04 7.600757e-04 1.391506e+00 3.644306e-04
263 3.195875e-04 7.676865e-04 1.390390e+00 3.642220e-04
264 3.185485e-04 7.792419e-04 1.389300e+00 3.635296e-04
265 3.188803e-04 7.792900e-04 1.388238e+00 3.622036e-04
266 3.152543e-04 8.028323e-04 1.387200e+00 3.611778e-04
267 3.142551e-04 8.088106e-04 1.386187e+00 3.594446e-04
268 3.131658e-04 8.161692e-04 1.385197e+00 3.576826e-04
269 3.099296e-04 8.312078e-04 1.384229e+00 3.564157e-04
270 3.086962e-04 8.418662e-04 1.383283e+00 3.545764e-04
271 3.069781e-04 8.489556e-04 1.382359e+00 3.528258e-04
272 3.069440e-04 8.481746e-04 1.381457e+00 3.508255e-04
273 3.041056e-04 8.620273e-04 1.380578e+00 3.492186e-04
274 3.022454e-04 8.731647e-04 1.379723e+00 3.474275e-04
275 2.997204e-04 8.821899e-04 1.378893e+00 3.457137e-04
276 2.988897e-04 8.839860e-04 1.378088e+00 3.434668e-04
277 2.956275e-04 8.944045e-04 1.377308e+00 3.416225e-04
278 2.948079e-04 8.922598e-04 1.376553e+00 3.391120e-04
279 2.925893e-04 8.973361e-04 1.375822e+00 3.368144e-04
280 2.900832e-04 9.010606e-04 1.375114e+00 3.344677e-04
281 2.863931e-04 9.120331e-04 1.374427e+00 3.323753e-04
282 2.854876e-04 9.078691e-04 1.373759e+00 3.295601e-04
283 2.824943e-04 9.149768e-04 1.373109e+00 3.272734e-04
284 2.809838e-04 9.115075e-04 1.372474e+00 3.246502e-04
285 2.774310e-04 9.218376e-04 1.371855e+00 3.225906e-04
286 2.772870e-04 9.127904e-04 1.371248e+00 3.198336e-04
287 2.733455e-04 9.227097e-04 1.370652e+00 3.179340e-04
288 2.709976e-04 9.276051e-04 1.370067e+00 3.158821e-04
289 2.705450e-04 9.238787e-04 1.369490e+00 3.135273e-04
290 2.686110e-04 9.230694e-04 1.368920e+00 3.115771e-04
291 2.663959e-04 9.298235e-04 1.368356e+00 3.099123e-04
292 2.648227e-04 9.305791e-04 1.367795e+00 3.082591e-04
293 2.635071e-04 9.314009e-04 1.367234e+00 3.067613e-04
294 2.617270e-04 9.369593e-04 1.366668e+00 3.056563e-04
295 2.608875e-04 9.381696e-04 1.366088e+00 3.046284e-04
296 2.589550e-04 9.484674e-04 1.365481e+00 3.044577e-04
297 2.602821e-04 9.431449e-04 1.364819e+00 3.037937e-04
298 2.612832e-04 9.448756e-04 1.364061e+00 3.040824e-04
299 2.631956e-04 9.439926e-04 1.363163e+00 3.049098e-04
300 2.636691e-04 9.515680e-04 1.362126e+00 3.061628e-04
301 2.654487e-04 9.529056e-04 1.361026e+00 3.067244e-04
302 2.664145e-04 9.476399e-04 1.359975e+00 3.060803e-04
303 2.654813e-04 9.458497e-04 1.359033e+00 3.047659e-04
304 2.644763e-04 9.404405e-04 1.358196e+00 3.029886e-04
305 2.626888e-04 9.351550e-04 1.357444e+00 3.008555e-04
306 2.601876e-04 9.310354e-04 1.356765e+00 2.983316e-04
307 2.578242e-04 9.245328e-04 1.356143e+00 2.954941e-04
308 2.548691e-04 9.221759e-04 1.355567e+00 2.927377e-04
309 2.514520e-04 9.209263e-04 1.355027e+00 2.900818e-04
310 2.489057e-04 9.180537e-04 1.354513e+00 2.874937e-04
311 2.461965e-04 9.187214e-04 1.354019e+00 2.851808e-04
312 2.439059e-04 9.156164e-04 1.353541e+00 2.828392e-04
313 2.405798e-04 9.204319e-04 1.353077e+00 2.809522e-04
314 2.383156e-04 9.218686e-04 1.352624e+00 2.790612e-04
315 2.371919e-04 9.165126e-04 1.352180e+00 2.769282e-04
316 2.357444e-04 9.134168e-04 1.351744e+00 2.750164e-04
317 2.329787e-04 9.178994e-04 1.351316e+00 2.734233e-04
318 2.310553e-04 9.179475e-04 1.350895e+00 2.717389e-04
319 2.296783e-04 9.174413e-04 1.350480e+00 2.701166e-04
320 2.277510e-04 9.172270e-04 1.350071e+00 2.684863e-04
321 2.261182e-04 9.164063e-04 1.349667e+00 2.669026e-04
322 2.244476e-04 9.164921e-04 1.349269e+00 2.653905e-04
323 2.233264e-04 9.139206e-04 1.348876e+00 2.638137e-04
324 2.218159e-04 9.123135e-04 1.348489e+00 2.622889e-04
325 2.197738e-04 9.144121e-04 1.348106e+00 2.609380e-04
326 2.181395e-04 9.137237e-04 1.347727e+00 2.595038e-04
327 2.167927e-04 9.113805e-04 1.347354e+00 2.580246e-04
328 2.160739e-04 9.072225e-04 1.346985e+00 2.565194e-04
329 2.150926e-04 9.033060e-04 1.346620e+00 2.550693e-04
330 2.139411e-04 9.000798e-04 1.346260e+00 2.536162e-04
331 2.105007e-04 9.073471e-04 1.345904e+00 2.525255e-04
332 2.097463e-04 9.026410e-04 1.345553e+00 2.510434e-04
333 2.084172e-04 9.000948e-04 1.345205e+00 2.496603e-04
334 2.079209e-04 8.936944e-04 1.344861e+00 2.481872e-04
335 2.067809e-04 8.904138e-04 1.344522e+00 2.468380e-04
336 2.051290e-04 8.888094e-04 1.344186e+00 2.455044e-04
337 2.026199e-04 8.920052e-04 1.343854e+00 2.444076e-04
338 2.018525e-04 8.869611e-04 1.343526e+00 2.430354e-04
339 1.999651e-04 8.864599e-04 1.343202e+00 2.418070e-04
340 1.992315e-04 8.813249e-04 1.342881e+00 2.404711e-04
341 1.978683e-04 8.780177e-04 1.342564e+00 2.391235e-04
342 1.955255e-04 8.802811e-04 1.342251e+00 2.381423e-04
343 1.956739e-04 8.704661e-04 1.341941e+00 2.365848e-04
344 1.944147e-04 8.664972e-04 1.341634e+00 2.352659e-04
345 1.927412e-04 8.653107e-04 1.341331e+00 2.341127e-04
346 1.916627e-04 8.607814e-04 1.341032e+00 2.328092e-04
347 1.904257e-04 8.580281e-04 1.340736e+00 2.316860e-04
348 1.890194e-04 8.546271e-04 1.340443e+00 2.303957e-04
349 1.871835e-04 8.539940e-04 1.340153e+00 2.293482e-04
350 1.868299e-04 8.462968e-04 1.339867e+00 2.279490e-04
351 1.849957e-04 8.455858e-04 1.339583e+00 2.268960e-04
352 1.847182e-04 8.376926e-04 1.339303e+00 2.255600e-04
353 1.837402e-04 8.330312e-04 1.339026e+00 2.243813e-04
354 1.816145e-04 8.332666e-04 1.338752e+00 2.233398e-04
355 1.815093e-04 8.243350e-04 1.338482e+00 2.219528e-04
356 1.791089e-04 8.259316e-04 1.338214e+00 2.210209e-04
357 1.785864e-04 8.192337e-04 1.337949e+00 2.197881e-04
358 1.782182e-04 8.114458e-04 1.337687e+00 2.184474e-04
359 1.759108e-04 8.125971e-04 1.337428e+00 2.175315e-04
360 1.757020e-04 8.041899e-04 1.337172e+00 2.161969e-04
361 1.741293e-04 8.021208e-04 1.336919e+00 2.151896e-04
362 1.725749e-04 7.998906e-04 1.336668e+00 2.141648e-04
363 1.714521e-04 7.956197e-04 1.336421e+00 2.130260e-04
364 1.703744e-04 7.912813e-04 1.336176e+00 2.119450e-04
365 1.700638e-04 7.835807e-04 1.335934e+00 2.107492e-04
366 1.691030e-04 7.784306e-04 1.335694e+00 2.095571e-04
367 1.675911e-04 7.760154e-04 1.335458e+00 2.085698e-04
368 1.658779e-04 7.746154e-04 1.335224e+00 2.076608e-04
369 1.658172e-04 7.655059e-04 1.334992e+00 2.063388e-04
370 1.650152e-04 7.599208e-04 1.334763e+00 2.052270e-04
371 1.636519e-04 7.567656e-04 1.334537e+00 2.042343e-04
372 1.630413e-04 7.503814e-04 1.334313e+00 2.030814e-04
373 1.607607e-04 7.513553e-04 1.334092e+00 2.022662e-04
374 1.600972e-04 7.451539e-04 1.333873e+00 2.011293e-04
375 1.604535e-04 7.346130e-04 1.333657e+00 1.998155e-04
376 1.584141e-04 7.344513e-04 1.333443e+00 1.990082e-04
377 1.573107e-04 7.300653e-04 1.333232e+00 1.979549e-04
378 1.561821e-04 7.259548e-04 1.333023e+00 1.970144e-04
379 1.553846e-04 7.205086e-04 1.332816e+00 1.958850e-04
380 1.539141e-04 7.181197e-04 1.332612e+00 1.949932e-04
381 1.532750e-04 7.116322e-04 1.332410e+00 1.939608e-04
382 1.522993e-04 7.069383e-04 1.332210e+00 1.929249e-04
383 1.513221e-04 7.024328e-04 1.332012e+00 1.919738e-04
384 1.509671e-04 6.948695e-04 1.331817e+00 1.907740e-04
385 1.496899e-04 6.915387e-04 1.331624e+00 1.899136e-04
386 1.481856e-04 6.896031e-04 1.331433e+00 1.890132e-04
387 1.486373e-04 6.793387e-04 1.331245e+00 1.878426e-04
388 1.466596e-04 6.793052e-04 1.331058e+00 1.869610e-04
389 1.464398e-04 6.720532e-04 1.330874e+00 1.858750e-04
390 1.451850e-04 6.688581e-04 1.330692e+00 1.849713e-04
391 1.446453e-04 6.634298e-04 1.330511e+00 1.840100e-04
392 1.442040e-04 6.570045e-04 1.330333e+00 1.829297e-04
393 1.424036e-04 6.566737e-04 1.330157e+00 1.821709e-04
394 1.420055e-04 6.503899e-04 1.329983e+00 1.811123e-04
395 1.413461e-04 6.454316e-04 1.329811e+00 1.801468e-04
396 1.394713e-04 6.452694e-04 1.329641e+00 1.794367e-04
397 1.395158e-04 6.376197e-04 1.329473e+00 1.783323e-04
398 1.383288e-04 6.346854e-04 1.329307e+00 1.773951e-04
399 1.370280e-04 6.328116e-04 1.329143e+00 1.765593e-04
400 1.362837e-04 6.283952e-04 1.328980e+00 1.756113e-04
401 1.350631e-04 6.257909e-04 1.328820e+00 1.748490e-04
402 1.353016e-04 6.175121e-04 1.328661e+00 1.736789e-04
403 1.345695e-04 6.129815e-04 1.328504e+00 1.727856e-04
404 1.341934e-04 6.075481e-04 1.328349e+00 1.718421e-04
405 1.314033e-04 6.119508e-04 1.328196e+00 1.713627e-04
406 1.318187e-04 6.028556e-04 1.328044e+00 1.701598e-04
407 1.309023e-04 5.990576e-04 1.327895e+00 1.692977e-04
408 1.303349e-04 5.949041e-04 1.327747e+00 1.683561e-04
409 1.285598e-04 5.948320e-04 1.327600e+00 1.677496e-04
410 1.288837e-04 5.864040e-04 1.327456e+00 1.666366e-04
411 1.277490e-04 5.835953e-04 1.327313e+00 1.659537e-04
412 1.265589e-04 5.819590e-04 1.327171e+00 1.650810e-04
413 1.264971e-04 5.745070e-04 1.327032e+00 1.641015e-04
414 1.255316e-04 5.719018e-04 1.326894e+00 1.632691e-04
415 1.249752e-04 5.673939e-04 1.326757e+00 1.624086e-04
416 1.237301e-04 5.665565e-04 1.326622e+00 1.616301e-04
417 1.228256e-04 5.623779e-04 1.326489e+00 1.608279e-04
418 1.217177e-04 5.602268e-04 1.326357e+00 1.601087e-04
419 1.221457e-04 5.518231e-04 1.326227e+00 1.590809e-04
420 1.211198e-04 5.496243e-04 1.326098e+00 1.582571e-04
421 1.198293e-04 5.490222e-04 1.325971e+00 1.576996e-04
422 1.192381e-04 5.441668e-04 1.325845e+00 1.567667e-04
423 1.183237e-04 5.410387e-04 1.325721e+00 1.559569e-04
424 1.175835e-04 5.380380e-04 1.325598e+00 1.551651e-04
425 1.175502e-04 5.308957e-04 1.325476e+00 1.542344e-04
426 1.160845e-04 5.305906e-04 1.325356e+00 1.536017e-04
427 1.156093e-04 5.260886e-04 1.325237e+00 1.528048e-04
428 1.156166e-04 5.192653e-04 1.325120e+00 1.519069e-04
429 1.140991e-04 5.198719e-04 1.325004e+00 1.512926e-04
430 1.135684e-04 5.145210e-04 1.324889e+00 1.504446e-04
431 1.131760e-04 5.098580e-04 1.324775e+00 1.496110e-04
432 1.127043e-04 5.057786e-04 1.324663e+00 1.488047e-04
433 1.114252e-04 5.052902e-04 1.324552e+00 1.482313e-04
434 1.111670e-04 4.997361e-04 1.324443e+00 1.473253e-04
435 1.106067e-04 4.962068e-04 1.324334e+00 1.465859e-04
436 1.102273e-04 4.911438e-04 1.324227e+00 1.457957e-04
437 1.093337e-04 4.874321e-04 1.324121e+00 1.451646e-04
438 1.085121e-04 4.855861e-04 1.324016e+00 1.443955e-04
439 1.076228e-04 4.825818e-04 1.323913e+00 1.437484e-04
440 1.067182e-04 4.804406e-04 1.323810e+00 1.430984e-04
441 1.068117e-04 4.743404e-04 1.323709e+00 1.422380e-04
442 1.061831e-04 4.707945e-04 1.323609e+00 1.415112e-04
443 1.055734e-04 4.670024e-04 1.323510e+00 1.408032e-04
444 1.051786e-04 4.620294e-04 1.323412e+00 1.400331e-04
445 1.039777e-04 4.619052e-04 1.323316e+00 1.394691e-04
446 1.036743e-04 4.571769e-04 1.323220e+00 1.387140e-04
447 1.025514e-04 4.552759e-04 1.323125e+00 1.381539e-04
448 1.032674e-04 4.484784e-04 1.323032e+00 1.372090e-04
449 1.020146e-04 4.456759e-04 1.322939e+00 1.366094e-04
450 1.011126e-04 4.446935e-04 1.322848e+00 1.359682e-04
451 1.004863e-04 4.417777e-04 1.322757e+00 1.353519e-04
452 9.943231e-05 4.397526e-04 1.322668e+00 1.348201e-04
453 9.991901e-05 4.318083e-04 1.322579e+00 1.338514e-04
454 9.913356e-05 4.295598e-04 1.322492e+00 1.332120e-04
455 9.824358e-05 4.269635e-04 1.322405e+00 1.326486e-04
456 9.790540e-05 4.232792e-04 1.322320e+00 1.319454e-04
457 9.825767e-05 4.183509e-04 1.322235e+00 1.311666e-04
458 9.672362e-05 4.166741e-04 1.322152e+00 1.306840e-04
459 9.615529e-05 4.135746e-04 1.322069e+00 1.300502e-04
460 9.641293e-05 4.069966e-04 1.321987e+00 1.292899e-04
461 9.496389e-05 4.075089e-04 1.321906e+00 1.288394e-04
462 9.425810e-05 4.051109e-04 1.321826e+00 1.283268e-04
463 9.394117e-05 4.000773e-04 1.321746e+00 1.275426e-04
464 9.344559e-05 3.980939e-04 1.321668e+00 1.269007e-04
465 9.340100e-05 3.929894e-04 1.321591e+00 1.262075e-04
466 9.260488e-05 3.899772e-04 1.321514e+00 1.256580e-04
467 9.230991e-05 3.861485e-04 1.321438e+00 1.249565e-04
468 9.156522e-05 3.852184e-04 1.321363e+00 1.244306e-04
469 9.116998e-05 3.810123e-04 1.321289e+00 1.238006e-04
470 9.017391e-05 3.781625e-04 1.321215e+00 1.233332e-04
471 9.046729e-05 3.743008e-04 1.321142e+00 1.226117e-04
472 8.929185e-05 3.725239e-04 1.321070e+00 1.221141e-04
473 8.941828e-05 3.671249e-04 1.320999e+00 1.214690e-04
474 8.893821e-05 3.645205e-04 1.320929e+00 1.208087e-04
475 8.821632e-05 3.625151e-04 1.320859e+00 1.202759e-04
476 8.739047e-05 3.599582e-04 1.320790e+00 1.198943e-04
477 8.706691e-05 3.566847e-04 1.320722e+00 1.191563e-04
478 8.671264e-05 3.531704e-04 1.320655e+00 1.185838e-04
479 8.604577e-05 3.512804e-04 1.320588e+00 1.181930e-04
480 8.540625e-05 3.492832e-04 1.320522e+00 1.176010e-04
481 8.542284e-05 3.428142e-04 1.320456e+00 1.168639e-04
482 8.443258e-05 3.436144e-04 1.320392e+00 1.164886e-04
483 8.442315e-05 3.384165e-04 1.320328e+00 1.157918e-04
484 8.492317e-05 3.318188e-04 1.320264e+00 1.150868e-04
485 8.375110e-05 3.316707e-04 1.320201e+00 1.146881e-04
486 8.315616e-05 3.292412e-04 1.320139e+00 1.141614e-04
487 8.297350e-05 3.284077e-04 1.320078e+00 1.135746e-04
488 8.268568e-05 3.271160e-04 1.320017e+00 1.129937e-04
489 8.223134e-05 3.290455e-04 1.319957e+00 1.125561e-04
490 8.181884e-05 3.281811e-04 1.319897e+00 1.120020e-04
491 8.102428e-05 3.266398e-04 1.319838e+00 1.114943e-04
492 8.077466e-05 3.266400e-04 1.319780e+00 1.109490e-04
493 8.077777e-05 3.271391e-04 1.319722e+00 1.104126e-04
494 7.967263e-05 3.270585e-04 1.319665e+00 1.100117e-04
495 8.044760e-05 3.252656e-04 1.319608e+00 1.093168e-04
496 7.866762e-05 3.272683e-04 1.319552e+00 1.090737e-04
497 7.831552e-05 3.264583e-04 1.319497e+00 1.086133e-04
498 7.827327e-05 3.251336e-04 1.319442e+00 1.079337e-04
499 7.798376e-05 3.254092e-04 1.319387e+00 1.074513e-04
500 7.794214e-05 3.218299e-04 1.319333e+00 1.068706e-04
501 7.766559e-05 3.230706e-04 1.319280e+00 1.063594e-04
502 7.734910e-05 3.217315e-04 1.319227e+00 1.058395e-04
503 7.689051e-05 3.215363e-04 1.319175e+00 1.053729e-04
504 7.610596e-05 3.223862e-04 1.319123e+00 1.049865e-04
505 7.542605e-05 3.219999e-04 1.319072e+00 1.045529e-04
506 7.528240e-05 3.196093e-04 1.319021e+00 1.039899e-04
507 7.502469e-05 3.204174e-04 1.318971e+00 1.035342e-04
508 7.435077e-05 3.218365e-04 1.318921e+00 1.031873e-04
509 7.388309e-05 3.195652e-04 1.318872e+00 1.026651e-04
510 7.412761e-05 3.193260e-04 1.318823e+00 1.021469e-04
511 7.381292e-05 3.178329e-04 1.318774e+00 1.016343e-04
512 7.270572e-05 3.182800e-04 1.318726e+00 1.013082e-04
513 7.252410e-05 3.171705e-04 1.318679e+00 1.008120e-04
514 7.228140e-05 3.165253e-04 1.318632e+00 1.003451e-04
515 7.208735e-05 3.177061e-04 1.318586e+00 9.995205e-05
516 7.162354e-05 3.170201e-04 1.318539e+00 9.951695e-05
517 7.150686e-05 3.144231e-04 1.318494e+00 9.895721e-05
1 3.190267e-02 6.394698e-02 5.974734e+00 3.441612e-02
2 1.236234e-02 2.360630e-02 3.616268e+00 1.344520e-02
3 3.825113e-03 9.885004e-03 3.008204e+00 4.237571e-03
4 3.173646e-03 9.351742e-03 2.725202e+00 3.541343e-03
5 2.422755e-03 7.424659e-03 2.569352e+00 2.752798e-03
6 1.836377e-03 5.731119e-03 2.474328e+00 2.133043e-03
7 1.405247e-03 4.904471e-03 2.412268e+00 1.685009e-03
8 1.095130e-03 4.604753e-03 2.369631e+00 1.359636e-03
9 8.701776e-04 4.349162e-03 2.339101e+00 1.125487e-03
10 7.067137e-04 4.075005e-03 2.316479e+00 9.522553e-04
11 5.886408e-04 3.756815e-03 2.299183e+00 8.220655e-04
12 4.992915e-04 3.460457e-03 2.285542e+00 7.246637e-04
13 4.345999e-04 3.154981e-03 2.274442e+00 6.472700e-04
14 3.841110e-04 2.895947e-03 2.265136e+00 5.880057e-04
15 3.475422e-04 2.675990e-03 2.257133e+00 5.402829e-04
16 3.196343e-04 2.500445e-03 2.250117e+00 5.009168e-04
17 2.987115e-04 2.380203e-03 2.243889e+00 4.687231e-04
18 2.804898e-04 2.347187e-03 2.238315e+00 4.426632e-04
19 2.686047e-04 2.297379e-03 2.233290e+00 4.200835e-04
20 2.575272e-04 2.256609e-03 2.228723e+00 4.014481e-04
21 2.486969e-04 2.211451e-03 2.224545e+00 3.851600e-04
22 2.413437e-04 2.160178e-03 2.220700e+00 3.710497e-04
23 2.344787e-04 2.110640e-03 2.217141e+00 3.588367e-04
24 2.283019e-04 2.057084e-03 2.213830e+00 3.482327e-04
25 2.234390e-04 1.992913e-03 2.210733e+00 3.384397e-04
26 2.197911e-04 1.918553e-03 2.207821e+00 3.294307e-04
27 2.160394e-04 1.844833e-03 2.205070e+00 3.215526e-04
28 2.125238e-04 1.770236e-03 2.202457e+00 3.145443e-04
29 2.096485e-04 1.690168e-03 2.199967e+00 3.080164e-04
30 2.067044e-04 1.610282e-03 2.197586e+00 3.022246e-04
31 2.048031e-04 1.525501e-03 2.195301e+00 2.968409e-04
32 2.025814e-04 1.446999e-03 2.193104e+00 2.919076e-04
33 2.002796e-04 1.368104e-03 2.190987e+00 2.876430e-04
34 1.985234e-04 1.332127e-03 2.188943e+00 2.837110e-04
35 1.966995e-04 1.330246e-03 2.186968e+00 2.800545e-04
36 1.956421e-04 1.325649e-03 2.185056e+00 2.765122e-04
37 1.939783e-04 1.310041e-03 2.183205e+00 2.733963e-04
38 1.924756e-04 1.285846e-03 2.181410e+00 2.705698e-04
39 1.910665e-04 1.263589e-03 2.179669e+00 2.679577e-04
40 1.900809e-04 1.235483e-03 2.177979e+00 2.652277e-04
41 1.886166e-04 1.202551e-03 2.176339e+00 2.628288e-04
42 1.872371e-04 1.168433e-03 2.174748e+00 2.602984e-04
43 1.859494e-04 1.135165e-03 2.173204e+00 2.577954e-04
44 1.842405e-04 1.098712e-03 2.171707e+00 2.552535e-04
45 1.829090e-04 1.067578e-03 2.170256e+00 2.525199e-04
46 1.810122e-04 1.031656e-03 2.168850e+00 2.497565e-04
47 1.790259e-04 9.935942e-04 2.167488e+00 2.466115e-04
48 1.770150e-04 9.623725e-04 2.166170e+00 2.439303e-04
49 1.749137e-04 9.301155e-04 2.164895e+00 2.402250e-04
50 1.723818e-04 9.063402e-04 2.163661e+00 2.367399e-04
51 1.708269e-04 9.026332e-04 2.162468e+00 2.331702e-04
52 1.680250e-04 9.001160e-04 2.161315e+00 2.294926e-04
53 1.663844e-04 8.912872e-04 2.160199e+00 2.257225e-04
54 1.634077e-04 8.781426e-04 2.159120e+00 2.217449e-04
55 1.610805e-04 8.673110e-04 2.158076e+00 2.179924e-04
56 1.591204e-04 8.473484e-04 2.157066e+00 2.139270e-04
57 1.566347e-04 8.288796e-04 2.156087e+00 2.099747e-04
58 1.546550e-04 8.103732e-04 2.155139e+00 2.063412e-04
59 1.519944e-04 7.876063e-04 2.154220e+00 2.023557e-04
60 1.501144e-04 7.633910e-04 2.153329e+00 1.984591e-04
61 1.481176e-04 7.418090e-04 2.152463e+00 1.949684e-04
62 1.461963e-04 7.144878e-04 2.151622e+00 1.913753e-04
63 1.440449e-04 6.904302e-04 2.150804e+00 1.878209e-04
64 1.422645e-04 6.634635e-04 2.150008e+00 1.844671e-04
65 1.403502e-04 6.409318e-04 2.149234e+00 1.813010e-04
66 1.390852e-04 6.167840e-04 2.148479e+00 1.784443e-04
67 1.371275e-04 5.925643e-04 2.147743e+00 1.753756e-04
68 1.354980e-04 5.685234e-04 2.147024e+00 1.725218e-04
69 1.341363e-04 5.459544e-04 2.146323e+00 1.699187e-04
70 1.325516e-04 5.222585e-04 2.145638e+00 1.672773e-04
71 1.316782e-04 4.992890e-04 2.144968e+00 1.649919e-04
72 1.300240e-04 4.792932e-04 2.144312e+00 1.625874e-04
73 1.288452e-04 4.590759e-04 2.143671e+00 1.604261e-04
74 1.274230e-04 4.392742e-04 2.143042e+00 1.582417e-04
75 1.267253e-04 4.326609e-04 2.142427e+00 1.565042e-04
76 1.257865e-04 4.241578e-04 2.141823e+00 1.546518e-04
77 1.240569e-04 4.102140e-04 2.141231e+00 1.526426e-04
78 1.233249e-04 4.035401e-04 2.140650e+00 1.511032e-04
79 1.221000e-04 3.933714e-04 2.140080e+00 1.493640e-04
80 1.212525e-04 3.883214e-04 2.139521e+00 1.478547e-04
81 1.203000e-04 3.822056e-04 2.138971e+00 1.463114e-04
82 1.195337e-04 3.768327e-04 2.138431e+00 1.450754e-04
83 1.182330e-04 3.682368e-04 2.137900e+00 1.434701e-04
84 1.175614e-04 3.640634e-04 2.137378e+00 1.422333e-04
85 1.163932e-04 3.549792e-04 2.136865e+00 1.408502e-04
86 1.160479e-04 3.535002e-04 2.136361e+00 1.397982e-04
87 1.148296e-04 3.448536e-04 2.135864e+00 1.384130e-04
88 1.143517e-04 3.419520e-04 2.135376e+00 1.374603e-04
89 1.139172e-04 3.385326e-04 2.134895e+00 1.365482e-04
90 1.126637e-04 3.296298e-04 2.134422e+00 1.352260e-04
91 1.120834e-04 3.254197e-04 2.133956e+00 1.343798e-04
92 1.113739e-04 3.207969e-04 2.133498e+00 1.332544e-04
93 1.108469e-04 3.171053e-04 2.133046e+00 1.324355e-04
94 1.099381e-04 3.099143e-04 2.132601e+00 1.313348e-04
95 1.086480e-04 3.001930e-04 2.132163e+00 1.301139e-04
96 1.086457e-04 3.049757e-04 2.131731e+00 1.295183e-04
97 1.078389e-04 3.012077e-04 2.131306e+00 1.286218e-04
98 1.075962e-04 3.028706e-04 2.130887e+00 1.279407e-04
99 1.068814e-04 3.004172e-04 2.130474e+00 1.270369e-04
100 1.061789e-04 2.977683e-04 2.130066e+00 1.261821e-04
101 1.054885e-04 2.951797e-04 2.129665e+00 1.252494e-04
102 1.048808e-04 2.933137e-04 2.129269e+00 1.245009e-04
103 1.043925e-04 2.923937e-04 2.128878e+00 1.237695e-04
104 1.035621e-04 2.879674e-04 2.128493e+00 1.228616e-04
105 1.030621e-04 2.870722e-04 2.128114e+00 1.221858e-04
106 1.025882e-04 2.851918e-04 2.127739e+00 1.214976e-04
107 1.020257e-04 2.833320e-04 2.127369e+00 1.207744e-04
108 1.014613e-04 2.801304e-04 2.127005e+00 1.200428e-04
109 1.012211e-04 2.818492e-04 2.126645e+00 1.195287e-04
110 1.004230e-04 2.774088e-04 2.126290e+00 1.186887e-04
111 9.990150e-05 2.770592e-04 2.125939e+00 1.180464e-04
112 9.976770e-05 2.758854e-04 2.125593e+00 1.174947e-04
113 9.876232e-05 2.754915e-04 2.125251e+00 1.166599e-04
114 9.844741e-05 2.735788e-04 2.124914e+00 1.160699e-04
115 9.795829e-05 2.743113e-04 2.124580e+00 1.154539e-04
116 9.754527e-05 2.730906e-04 2.124251e+00 1.148716e-04
117 9.733136e-05 2.717806e-04 2.123926e+00 1.143951e-04
118 9.651932e-05 2.714154e-04 2.123605e+00 1.135965e-04
119 9.589267e-05 2.726134e-04 2.123287e+00 1.129776e-04
120 9.582054e-05 2.697169e-04 2.122974e+00 1.125399e-04
121 9.537583e-05 2.705459e-04 2.122664e+00 1.120037e-04
122 9.489059e-05 2.698086e-04 2.122357e+00 1.114219e-04
123 9.439287e-05 2.694347e-04 2.122054e+00 1.108324e-04
124 9.392383e-05 2.686218e-04 2.121755e+00 1.102596e-04
125 9.343215e-05 2.668034e-04 2.121458e+00 1.096699e-04
126 9.290152e-05 2.680614e-04 2.121166e+00 1.091230e-04
127 9.256049e-05 2.671648e-04 2.120876e+00 1.086261e-04
128 9.222770e-05 2.683838e-04 2.120589e+00 1.081786e-04
129 9.185806e-05 2.662826e-04 2.120306e+00 1.076584e-04
130 9.153608e-05 2.663607e-04 2.120025e+00 1.072025e-04
131 9.107947e-05 2.672781e-04 2.119747e+00 1.067018e-04
132 9.061683e-05 2.682513e-04 2.119473e+00 1.062071e-04
133 9.013694e-05 2.688968e-04 2.119201e+00 1.057079e-04
134 9.015449e-05 2.662826e-04 2.118931e+00 1.053832e-04
135 8.960892e-05 2.680411e-04 2.118665e+00 1.048704e-04
136 8.928260e-05 2.661263e-04 2.118401e+00 1.044130e-04
137 8.892034e-05 2.681125e-04 2.118139e+00 1.039955e-04
138 8.833967e-05 2.667544e-04 2.117880e+00 1.034539e-04
139 8.783353e-05 2.668552e-04 2.117624e+00 1.029692e-04
140 8.763353e-05 2.684540e-04 2.117369e+00 1.026147e-04
141 8.742340e-05 2.674012e-04 2.117118e+00 1.022367e-04
142 8.706972e-05 2.673718e-04 2.116868e+00 1.018253e-04
143 8.672217e-05 2.666635e-04 2.116621e+00 1.014057e-04
144 8.640230e-05 2.676168e-04 2.116375e+00 1.010225e-04
145 8.586461e-05 2.670815e-04 2.116132e+00 1.005609e-04
146 8.533938e-05 2.665694e-04 2.115891e+00 1.001089e-04
147 8.541725e-05 2.680604e-04 2.115652e+00 9.987494e-05
148 8.515165e-05 2.654696e-04 2.115415e+00 9.950451e-05
149 8.450198e-05 2.664365e-04 2.115180e+00 9.902530e-05
1 2.314527e-02 5.646032e-02 5.010470e+00 2.600544e-02
2 4.321888e-03 1.167531e-02 3.593304e+00 4.788707e-03
3 2.215109e-03 5.729991e-03 3.083352e+00 2.501633e-03
4 3.193701e-03 6.899195e-03 2.797431e+00 3.552232e-03
5 3.425702e-03 7.300689e-03 2.612693e+00 3.764479e-03
6 3.086391e-03 7.041207e-03 2.489640e+00 3.384618e-03
7 2.642030e-03 6.529608e-03 2.404371e+00 2.908453e-03
8 2.241610e-03 6.085408e-03 2.343201e+00 2.485489e-03
9 1.910440e-03 5.657051e-03 2.298266e+00 2.138397e-03
10 1.636142e-03 5.242592e-03 2.264751e+00 1.852043e-03
11 1.405497e-03 4.842384e-03 2.239412e+00 1.610112e-03
12 1.210271e-03 4.445745e-03 2.219957e+00 1.404190e-03
13 1.043776e-03 4.067222e-03 2.204770e+00 1.227051e-03
14 9.017212e-04 3.677273e-03 2.192723e+00 1.076055e-03
15 7.797804e-04 3.335428e-03 2.183009e+00 9.442459e-04
16 6.773263e-04 3.023236e-03 2.175025e+00 8.321646e-04
17 5.916228e-04 2.716425e-03 2.168320e+00 7.391712e-04
18 5.210491e-04 2.493864e-03 2.162558e+00 6.598375e-04
19 4.638685e-04 2.352889e-03 2.157495e+00 5.966157e-04
20 4.180974e-04 2.204254e-03 2.152955e+00 5.434934e-04
21 3.809661e-04 2.071454e-03 2.148814e+00 5.002289e-04
22 3.510124e-04 1.955438e-03 2.144985e+00 4.649370e-04
23 3.271135e-04 1.835747e-03 2.141403e+00 4.351109e-04
24 3.073257e-04 1.743275e-03 2.138026e+00 4.110476e-04
25 2.913974e-04 1.652585e-03 2.134821e+00 3.904735e-04
26 2.781804e-04 1.562840e-03 2.131762e+00 3.728622e-04
27 2.672728e-04 1.483807e-03 2.128827e+00 3.579069e-04
28 2.582485e-04 1.414010e-03 2.125998e+00 3.450615e-04
29 2.506426e-04 1.348265e-03 2.123257e+00 3.339427e-04
30 2.441909e-04 1.285203e-03 2.120590e+00 3.241813e-04
31 2.384524e-04 1.238427e-03 2.117988e+00 3.157551e-04
32 2.334472e-04 1.200070e-03 2.115446e+00 3.083625e-04
33 2.290941e-04 1.159593e-03 2.112959e+00 3.012313e-04
34 2.253100e-04 1.126000e-03 2.110526e+00 2.949024e-04
35 2.214671e-04 1.090696e-03 2.108146e+00 2.893174e-04
36 2.182880e-04 1.061109e-03 2.105816e+00 2.840123e-04
37 2.153002e-04 1.030509e-03 2.103535e+00 2.790132e-04
38 2.124955e-04 1.001637e-03 2.101302e+00 2.743335e-04
39 2.098462e-04 9.755215e-04 2.099113e+00 2.701062e-04
40 2.074349e-04 9.505219e-04 2.096968e+00 2.660669e-04
41 2.050049e-04 9.295668e-04 2.094864e+00 2.624959e-04
42 2.029297e-04 9.036431e-04 2.092801e+00 2.587825e-04
43 2.006088e-04 8.787635e-04 2.090777e+00 2.555955e-04
44 1.985941e-04 8.584990e-04 2.088791e+00 2.526307e-04
45 1.970018e-04 8.437475e-04 2.086841e+00 2.494357e-04
46 1.952074e-04 8.247102e-04 2.084926e+00 2.466755e-04
47 1.935710e-04 8.026914e-04 2.083044e+00 2.441128e-04
48 1.917555e-04 7.876498e-04 2.081194e+00 2.418547e-04
49 1.903486e-04 7.716999e-04 2.079375e+00 2.395614e-04
50 1.890606e-04 7.590007e-04 2.077586e+00 2.376174e-04
51 1.878575e-04 7.416186e-04 2.075827e+00 2.354654e-04
52 1.867054e-04 7.270363e-04 2.074097e+00 2.336571e-04
53 1.853484e-04 7.133541e-04 2.072398e+00 2.319957e-04
54 1.840851e-04 6.977048e-04 2.070730e+00 2.304096e-04
55 1.827942e-04 6.859565e-04 2.069092e+00 2.290087e-04
56 1.816650e-04 6.736531e-04 2.067483e+00 2.273702e-04
57 1.804920e-04 6.613385e-04 2.065900e+00 2.259939e-04
58 1.792877e-04 6.515842e-04 2.064343e+00 2.243978e-04
59 1.782053e-04 6.380985e-04 2.062810e+00 2.229399e-04
60 1.770667e-04 6.283638e-04 2.061299e+00 2.217130e-04
61 1.760402e-04 6.157759e-04 2.059809e+00 2.201873e-04
62 1.747330e-04 6.068345e-04 2.058338e+00 2.189820e-04
63 1.735250e-04 6.079198e-04 2.056886e+00 2.177530e-04
64 1.723911e-04 6.121841e-04 2.055451e+00 2.164568e-04
65 1.714144e-04 6.167713e-04 2.054033e+00 2.152031e-04
66 1.703385e-04 6.202434e-04 2.052631e+00 2.140321e-04
67 1.692028e-04 6.244709e-04 2.051244e+00 2.129731e-04
68 1.683284e-04 6.232862e-04 2.049873e+00 2.117603e-04
69 1.672340e-04 6.298228e-04 2.048515e+00 2.108341e-04
70 1.662954e-04 6.332401e-04 2.047172e+00 2.097536e-04
71 1.654371e-04 6.314027e-04 2.045843e+00 2.086950e-04
72 1.642978e-04 6.296196e-04 2.044527e+00 2.075552e-04
73 1.633863e-04 6.355287e-04 2.043224e+00 2.067813e-04
74 1.626851e-04 6.342357e-04 2.041934e+00 2.059347e-04
75 1.617615e-04 6.337129e-04 2.040655e+00 2.051067e-04
76 1.609836e-04 6.309719e-04 2.039387e+00 2.042672e-04
77 1.605762e-04 6.353956e-04 2.038129e+00 2.037462e-04
78 1.596166e-04 6.315487e-04 2.036882e+00 2.029368e-04
79 1.588740e-04 6.282411e-04 2.035644e+00 2.023643e-04
80 1.584815e-04 6.298634e-04 2.034414e+00 2.019756e-04
81 1.577339e-04 6.229762e-04 2.033193e+00 2.012624e-04
82 1.571966e-04 6.325759e-04 2.031979e+00 2.009221e-04
83 1.566798e-04 6.404758e-04 2.030773e+00 2.005076e-04
84 1.563133e-04 6.526699e-04 2.029572e+00 2.001650e-04
85 1.559269e-04 6.620663e-04 2.028377e+00 2.000583e-04
86 1.553768e-04 6.715683e-04 2.027187e+00 1.997569e-04
87 1.550630e-04 6.800949e-04 2.026001e+00 1.996625e-04
88 1.547675e-04 6.909404e-04 2.024818e+00 1.995583e-04
89 1.543550e-04 6.982676e-04 2.023637e+00 1.995641e-04
90 1.542652e-04 7.084146e-04 2.022458e+00 1.996521e-04
91 1.539805e-04 7.264937e-04 2.021279e+00 1.996772e-04
92 1.539659e-04 7.485156e-04 2.020101e+00 1.998972e-04
93 1.537281e-04 7.669961e-04 2.018921e+00 2.001883e-04
94 1.536401e-04 7.877636e-04 2.017739e+00 2.004856e-04
95 1.536365e-04 8.072128e-04 2.016555e+00 2.010399e-04
96 1.536659e-04 8.268555e-04 2.015367e+00 2.014945e-04
97 1.534586e-04 8.433787e-04 2.014174e+00 2.017875e-04
98 1.534654e-04 8.580397e-04 2.012975e+00 2.023289e-04
99 1.533650e-04 8.719473e-04 2.011772e+00 2.027335e-04
100 1.534391e-04 8.846298e-04 2.010566e+00 2.032732e-04
101 1.533597e-04 8.938156e-04 2.009358e+00 2.035878e-04
102 1.532228e-04 8.990258e-04 2.008152e+00 2.039649e-04
103 1.531687e-04 8.995059e-04 2.006952e+00 2.042593e-04
104 1.529591e-04 8.977119e-04 2.005760e+00 2.045424e-04
105 1.527350e-04 8.908354e-04 2.004576e+00 2.045096e-04
106 1.524379e-04 8.809346e-04 2.003400e+00 2.044596e-04
107 1.520650e-04 8.607575e-04 2.002232e+00 2.041340e-04
108 1.518350e-04 8.399764e-04 2.001070e+00 2.039910e-04
109 1.510474e-04 8.161937e-04 1.999914e+00 2.028813e-04
110 1.504748e-04 7.907764e-04 1.998763e+00 2.020723e-04
111 1.498677e-04 7.704747e-04 1.997614e+00 2.011973e-04
112 1.491475e-04 7.535943e-04 1.996467e+00 1.999154e-04
113 1.483610e-04 7.612689e-04 1.995320e+00 1.983749e-04
114 1.475085e-04 7.732774e-04 1.994173e+00 1.968672e-04
115 1.468567e-04 7.860449e-04 1.993024e+00 1.954750e-04
116 1.458789e-04 7.901015e-04 1.991874e+00 1.936347e-04
117 1.447236e-04 7.886775e-04 1.990723e+00 1.914860e-04
118 1.437884e-04 7.908192e-04 1.989572e+00 1.898338e-04
119 1.423351e-04 7.784838e-04 1.988421e+00 1.871181e-04
120 1.411064e-04 7.734056e-04 1.987273e+00 1.849479e-04
121 1.397990e-04 7.632610e-04 1.986127e+00 1.825662e-04
122 1.385683e-04 7.514965e-04 1.984985e+00 1.802365e-04
123 1.372587e-04 7.371515e-04 1.983844e+00 1.779239e-04
124 1.361458e-04 7.252808e-04 1.982703e+00 1.758656e-04
125 1.347896e-04 7.066896e-04 1.981560e+00 1.734268e-04
126 1.336004e-04 6.906815e-04 1.980414e+00 1.712878e-04
127 1.323671e-04 6.732745e-04 1.979262e+00 1.690669e-04
128 1.312272e-04 6.577192e-04 1.978100e+00 1.671173e-04
129 1.300586e-04 6.416250e-04 1.976926e+00 1.651436e-04
130 1.289429e-04 6.256098e-04 1.975739e+00 1.632532e-04
131 1.276579e-04 6.084968e-04 1.974539e+00 1.611379e-04
132 1.267071e-04 5.944837e-04 1.973327e+00 1.595158e-04
133 1.255534e-04 5.788328e-04 1.972105e+00 1.576281e-04
134 1.243126e-04 5.592502e-04 1.970879e+00 1.555596e-04
135 1.234397e-04 5.447754e-04 1.969648e+00 1.540399e-04
136 1.225385e-04 5.281272e-04 1.968417e+00 1.524699e-04
137 1.216454e-04 5.102071e-04 1.967185e+00 1.509115e-04
138 1.209285e-04 4.971474e-04 1.965952e+00 1.497176e-04
139 1.201672e-04 4.798511e-04 1.964719e+00 1.483907e-04
140 1.196057e-04 4.672338e-04 1.963486e+00 1.474247e-04
141 1.189802e-04 4.537311e-04 1.962252e+00 1.464142e-04
142 1.183259e-04 4.390464e-04 1.961017e+00 1.453679e-04
143 1.178018e-04 4.261642e-04 1.959780e+00 1.445123e-04
144 1.174670e-04 4.188838e-04 1.958541e+00 1.439226e-04
145 1.168937e-04 4.187731e-04 1.957301e+00 1.430238e-04
146 1.163766e-04 4.183448e-04 1.956058e+00 1.421809e-04
147 1.159576e-04 4.198327e-04 1.954812e+00 1.415094e-04
148 1.157674e-04 4.152724e-04 1.953564e+00 1.410463e-04
149 1.152671e-04 4.186662e-04 1.952311e+00 1.403130e-04
150 1.151095e-04 4.173370e-04 1.951055e+00 1.399377e-04
151 1.146809e-04 4.164848e-04 1.949795e+00 1.392215e-04
152 1.146520e-04 4.134754e-04 1.948530e+00 1.389832e-04
153 1.143794e-04 4.133029e-04 1.947261e+00 1.384696e-04
154 1.140967e-04 4.116679e-04 1.945987e+00 1.379172e-04
155 1.141197e-04 4.117213e-04 1.944708e+00 1.377345e-04
156 1.138040e-04 4.102392e-04 1.943424e+00 1.371426e-04
157 1.137950e-04 4.074576e-04 1.942135e+00 1.369392e-04
158 1.137787e-04 4.065143e-04 1.940839e+00 1.366979e-04
159 1.136472e-04 4.035434e-04 1.939538e+00 1.363223e-04
160 1.136767e-04 4.028621e-04 1.938230e+00 1.361517e-04
161 1.136440e-04 4.024903e-04 1.936915e+00 1.358902e-04
162 1.136223e-04 4.013825e-04 1.935594e+00 1.356658e-04
163 1.136419e-04 3.990926e-04 1.934264e+00 1.354290e-04
164 1.138223e-04 3.996150e-04 1.932928e+00 1.355658e-04
165 1.138584e-04 3.978371e-04 1.931583e+00 1.353835e-04
166 1.140665e-04 3.971441e-04 1.930229e+00 1.354673e-04
167 1.142832e-04 3.983777e-04 1.928866e+00 1.356255e-04
168 1.145458e-04 3.985365e-04 1.927492e+00 1.357913e-04
169 1.147345e-04 4.018967e-04 1.926108e+00 1.358529e-04
170 1.150708e-04 4.013092e-04 1.924713e+00 1.361193e-04
171 1.152800e-04 4.035541e-04 1.923306e+00 1.362121e-04
172 1.156272e-04 4.052816e-04 1.921887e+00 1.364432e-04
173 1.160321e-04 4.087456e-04 1.920454e+00 1.368546e-04
174 1.164972e-04 4.102146e-04 1.919008e+00 1.372845e-04
175 1.167851e-04 4.128220e-04 1.917548e+00 1.374126e-04
176 1.172994e-04 4.157153e-04 1.916074e+00 1.379285e-04
177 1.179402e-04 4.168046e-04 1.914585e+00 1.385313e-04
178 1.183747e-04 4.168653e-04 1.913082e+00 1.389674e-04
179 1.189471e-04 4.181574e-04 1.911564e+00 1.394987e-04
180 1.195148e-04 4.145623e-04 1.910031e+00 1.400386e-04
181 1.201983e-04 4.146457e-04 1.908483e+00 1.407415e-04
182 1.208729e-04 4.142834e-04 1.906920e+00 1.414292e-04
183 1.216093e-04 4.087566e-04 1.905340e+00 1.421993e-04
184 1.222962e-04 4.069799e-04 1.903744e+00 1.428681e-04
185 1.230162e-04 4.039432e-04 1.902131e+00 1.436320e-04
186 1.237760e-04 4.004776e-04 1.900501e+00 1.444013e-04
187 1.245706e-04 3.990369e-04 1.898853e+00 1.452450e-04
188 1.254386e-04 3.968735e-04 1.897188e+00 1.461910e-04
189 1.263501e-04 3.963800e-04 1.895504e+00 1.471320e-04
190 1.272537e-04 4.011034e-04 1.893803e+00 1.481618e-04
191 1.282271e-04 4.052395e-04 1.892083e+00 1.492315e-04
192 1.291364e-04 4.137321e-04 1.890347e+00 1.501695e-04
193 1.301812e-04 4.188921e-04 1.888592e+00 1.512609e-04
194 1.311828e-04 4.234891e-04 1.886817e+00 1.523806e-04
195 1.322567e-04 4.267204e-04 1.885021e+00 1.535456e-04
196 1.333481e-04 4.339341e-04 1.883202e+00 1.547134e-04
197 1.345014e-04 4.399841e-04 1.881359e+00 1.561177e-04
198 1.355695e-04 4.478796e-04 1.879493e+00 1.572631e-04
199 1.367705e-04 4.532630e-04 1.877609e+00 1.584612e-04
200 1.378837e-04 4.618998e-04 1.875710e+00 1.596995e-04
201 1.390328e-04 4.693301e-04 1.873800e+00 1.609976e-04
202 1.402858e-04 4.725452e-04 1.871873e+00 1.622741e-04
203 1.415762e-04 4.751087e-04 1.869924e+00 1.634835e-04
204 1.429648e-04 4.764845e-04 1.867935e+00 1.648142e-04
205 1.443222e-04 4.804921e-04 1.865869e+00 1.662718e-04
206 1.459122e-04 4.974724e-04 1.863634e+00 1.681259e-04
207 1.472318e-04 6.245268e-04 1.861042e+00 1.698923e-04
208 1.467628e-04 6.619350e-04 1.858195e+00 1.689194e-04
209 1.449147e-04 4.949504e-04 1.855701e+00 1.651057e-04
210 1.451090e-04 4.757081e-04 1.853529e+00 1.652828e-04
211 1.452613e-04 4.703169e-04 1.851496e+00 1.653008e-04
212 1.451473e-04 4.644734e-04 1.849558e+00 1.648956e-04
213 1.448604e-04 4.600520e-04 1.847696e+00 1.644062e-04
214 1.445057e-04 4.527860e-04 1.845900e+00 1.637486e-04
215 1.438221e-04 4.490758e-04 1.844162e+00 1.629809e-04
216 1.429886e-04 4.408801e-04 1.842472e+00 1.621247e-04
217 1.422694e-04 4.338591e-04 1.840827e+00 1.612205e-04
218 1.414350e-04 4.259952e-04 1.839221e+00 1.603018e-04
219 1.407368e-04 4.164093e-04 1.837651e+00 1.592900e-04
220 1.396856e-04 4.091677e-04 1.836115e+00 1.583164e-04
221 1.388605e-04 4.017486e-04 1.834609e+00 1.572772e-04
222 1.379990e-04 3.929644e-04 1.833131e+00 1.562776e-04
223 1.370065e-04 3.861336e-04 1.831679e+00 1.553117e-04
224 1.362517e-04 3.752383e-04 1.830248e+00 1.543176e-04
225 1.353904e-04 3.723429e-04 1.828837e+00 1.533551e-04
226 1.345971e-04 3.717864e-04 1.827444e+00 1.523892e-04
227 1.338375e-04 3.677421e-04 1.826067e+00 1.514902e-04
228 1.330389e-04 3.699262e-04 1.824704e+00 1.505428e-04
229 1.322904e-04 3.672058e-04 1.823356e+00 1.495882e-04
230 1.315710e-04 3.669276e-04 1.822023e+00 1.486827e-04
231 1.307975e-04 3.649670e-04 1.820706e+00 1.476566e-04
232 1.298659e-04 3.612283e-04 1.819409e+00 1.466719e-04
233 1.290496e-04 3.586053e-04 1.818132e+00 1.456690e-04
234 1.280670e-04 3.536479e-04 1.816877e+00 1.447091e-04
235 1.271614e-04 3.537233e-04 1.815643e+00 1.436962e-04
236 1.263301e-04 3.522978e-04 1.814431e+00 1.426904e-04
237 1.254739e-04 3.494225e-04 1.813239e+00 1.416996e-04
238 1.246109e-04 3.458944e-04 1.812067e+00 1.406860e-04
239 1.238481e-04 3.415035e-04 1.810916e+00 1.396473e-04
240 1.229226e-04 3.507183e-04 1.809786e+00 1.386553e-04
241 1.222162e-04 3.565286e-04 1.808678e+00 1.376055e-04
242 1.213333e-04 3.642601e-04 1.807590e+00 1.365930e-04
243 1.203709e-04 3.737762e-04 1.806517e+00 1.356806e-04
244 1.197518e-04 3.782514e-04 1.805456e+00 1.347107e-04
245 1.190050e-04 3.854917e-04 1.804406e+00 1.338677e-04
246 1.182593e-04 3.919708e-04 1.803367e+00 1.329378e-04
247 1.174569e-04 3.998159e-04 1.802342e+00 1.320406e-04
248 1.169879e-04 4.072797e-04 1.801317e+00 1.313964e-04
249 1.168334e-04 4.197828e-04 1.800265e+00 1.313937e-04
250 1.175784e-04 4.355717e-04 1.799133e+00 1.323839e-04
251 1.197522e-04 4.534441e-04 1.797818e+00 1.348732e-04
252 1.226129e-04 5.200520e-04 1.796234e+00 1.383606e-04
253 1.223453e-04 5.302780e-04 1.794604e+00 1.377701e-04
254 1.204527e-04 4.513192e-04 1.792854e+00 1.351912e-04
255 1.220223e-04 6.111136e-04 1.790390e+00 1.363309e-04
256 1.192769e-04 5.749539e-04 1.788027e+00 1.333483e-04
257 1.176434e-04 4.816843e-04 1.785971e+00 1.319890e-04
258 1.133658e-04 3.879883e-04 1.784475e+00 1.268823e-04
259 1.126307e-04 3.744279e-04 1.783262e+00 1.257159e-04
260 1.096629e-04 3.635493e-04 1.782151e+00 1.224534e-04
261 1.070262e-04 3.456856e-04 1.781094e+00 1.193217e-04
262 1.042540e-04 3.291567e-04 1.780071e+00 1.161218e-04
263 1.017585e-04 3.107220e-04 1.779072e+00 1.131639e-04
264 9.924673e-05 2.946412e-04 1.778094e+00 1.103238e-04
265 9.711138e-05 2.790630e-04 1.777135e+00 1.078396e-04
266 9.514229e-05 2.641163e-04 1.776192e+00 1.056157e-04
267 9.343315e-05 2.503155e-04 1.775266e+00 1.036694e-04
268 9.202609e-05 2.431961e-04 1.774356e+00 1.020554e-04
269 9.067199e-05 2.483439e-04 1.773461e+00 1.005576e-04
270 8.953306e-05 2.531668e-04 1.772581e+00 9.928844e-05
271 8.862626e-05 2.562939e-04 1.771713e+00 9.825114e-05
272 8.782880e-05 2.601485e-04 1.770857e+00 9.739692e-05
1 2.918491e-02 5.785071e-02 5.740135e+00 3.143776e-02
2 1.174201e-02 2.077780e-02 3.540824e+00 1.269668e-02
3 4.214172e-03 9.946887e-03 2.975408e+00 4.623119e-03
4 3.283355e-03 9.204555e-03 2.710241e+00 3.643366e-03
5 2.503383e-03 7.452400e-03 2.558691e+00 2.821559e-03
6 1.920886e-03 5.813221e-03 2.463882e+00 2.204539e-03
7 1.484923e-03 4.798950e-03 2.400830e+00 1.748273e-03
8 1.160965e-03 4.500958e-03 2.357103e+00 1.412134e-03
9 9.231089e-04 4.274712e-03 2.325750e+00 1.163360e-03
10 7.479982e-04 4.048133e-03 2.302542e+00 9.812923e-04
11 6.206354e-04 3.775448e-03 2.284816e+00 8.448336e-04
12 5.247224e-04 3.509048e-03 2.270842e+00 7.418653e-04
13 4.535306e-04 3.226829e-03 2.259478e+00 6.615043e-04
14 4.000901e-04 2.951406e-03 2.249977e+00 5.973574e-04
15 3.566973e-04 2.723191e-03 2.241858e+00 5.476040e-04
16 3.259129e-04 2.555400e-03 2.234807e+00 5.071949e-04
17 3.031214e-04 2.419307e-03 2.228604e+00 4.736494e-04
18 2.857439e-04 2.288656e-03 2.223080e+00 4.456825e-04
19 2.710307e-04 2.183684e-03 2.218112e+00 4.225795e-04
20 2.589479e-04 2.168755e-03 2.213606e+00 4.030394e-04
21 2.495608e-04 2.145911e-03 2.209493e+00 3.857473e-04
22 2.413264e-04 2.122218e-03 2.205714e+00 3.710362e-04
23 2.335925e-04 2.097194e-03 2.202223e+00 3.582488e-04
24 2.270661e-04 2.068755e-03 2.198979e+00 3.471171e-04
25 2.210648e-04 2.030879e-03 2.195947e+00 3.372132e-04
26 2.171089e-04 1.975015e-03 2.193098e+00 3.278027e-04
27 2.124266e-04 1.923134e-03 2.190408e+00 3.198916e-04
28 2.091904e-04 1.856457e-03 2.187856e+00 3.124009e-04
29 2.054360e-04 1.793622e-03 2.185426e+00 3.059954e-04
30 2.029723e-04 1.716439e-03 2.183104e+00 2.996326e-04
31 1.999097e-04 1.642216e-03 2.180879e+00 2.941719e-04
32 1.979019e-04 1.561703e-03 2.178743e+00 2.888131e-04
33 1.956451e-04 1.481473e-03 2.176689e+00 2.840416e-04
34 1.939632e-04 1.402488e-03 2.174708e+00 2.794779e-04
35 1.920427e-04 1.324309e-03 2.172798e+00 2.754703e-04
36 1.907201e-04 1.306803e-03 2.170951e+00 2.715741e-04
37 1.893277e-04 1.310789e-03 2.169166e+00 2.680197e-04
38 1.878554e-04 1.298128e-03 2.167436e+00 2.647088e-04
39 1.869487e-04 1.281204e-03 2.165760e+00 2.616539e-04
40 1.857504e-04 1.258893e-03 2.164134e+00 2.589050e-04
41 1.850733e-04 1.237792e-03 2.162555e+00 2.562360e-04
42 1.832402e-04 1.206913e-03 2.161020e+00 2.541326e-04
43 1.822344e-04 1.175491e-03 2.159529e+00 2.518119e-04
44 1.812731e-04 1.141774e-03 2.158078e+00 2.496218e-04
45 1.799147e-04 1.105499e-03 2.156667e+00 2.476574e-04
46 1.785880e-04 1.069847e-03 2.155294e+00 2.454905e-04
47 1.777342e-04 1.038018e-03 2.153959e+00 2.432109e-04
48 1.762901e-04 9.986861e-04 2.152661e+00 2.410638e-04
49 1.744808e-04 9.656334e-04 2.151398e+00 2.389008e-04
50 1.727607e-04 9.302380e-04 2.150170e+00 2.365800e-04
51 1.717741e-04 9.010152e-04 2.148977e+00 2.337985e-04
52 1.695318e-04 8.697400e-04 2.147818e+00 2.315643e-04
53 1.679893e-04 8.368764e-04 2.146692e+00 2.286804e-04
54 1.663678e-04 8.099696e-04 2.145598e+00 2.257913e-04
55 1.642062e-04 8.024643e-04 2.144536e+00 2.232195e-04
56 1.623758e-04 7.934831e-04 2.143505e+00 2.201838e-04
57 1.602844e-04 7.892734e-04 2.142504e+00 2.170342e-04
58 1.582937e-04 7.868740e-04 2.141532e+00 2.140444e-04
59 1.565153e-04 7.791118e-04 2.140589e+00 2.108444e-04
60 1.545240e-04 7.667138e-04 2.139673e+00 2.074135e-04
61 1.527469e-04 7.609332e-04 2.138783e+00 2.045188e-04
62 1.511421e-04 7.480068e-04 2.137919e+00 2.013202e-04
63 1.486596e-04 7.336111e-04 2.137079e+00 1.979780e-04
64 1.470363e-04 7.149282e-04 2.136263e+00 1.945469e-04
65 1.448381e-04 7.031072e-04 2.135468e+00 1.915704e-04
66 1.432260e-04 6.836947e-04 2.134695e+00 1.884274e-04
67 1.414149e-04 6.643052e-04 2.133942e+00 1.853271e-04
68 1.400256e-04 6.431810e-04 2.133208e+00 1.822940e-04
69 1.387250e-04 6.255616e-04 2.132492e+00 1.796450e-04
70 1.367151e-04 6.026723e-04 2.131794e+00 1.765575e-04
71 1.356756e-04 5.821567e-04 2.131112e+00 1.740154e-04
72 1.341488e-04 5.602633e-04 2.130446e+00 1.712822e-04
73 1.325945e-04 5.391197e-04 2.129795e+00 1.686766e-04
74 1.315988e-04 5.201891e-04 2.129158e+00 1.664696e-04
75 1.299789e-04 5.000737e-04 2.128535e+00 1.639720e-04
76 1.285834e-04 4.838368e-04 2.127925e+00 1.618567e-04
77 1.275449e-04 4.614675e-04 2.127327e+00 1.596137e-04
78 1.262497e-04 4.437718e-04 2.126741e+00 1.575534e-04
79 1.252176e-04 4.239959e-04 2.126166e+00 1.555536e-04
80 1.241498e-04 4.101528e-04 2.125602e+00 1.538422e-04
81 1.229734e-04 4.001669e-04 2.125049e+00 1.519494e-04
82 1.220405e-04 3.907892e-04 2.124506e+00 1.503070e-04
83 1.211566e-04 3.842746e-04 2.123972e+00 1.487159e-04
84 1.204490e-04 3.763992e-04 2.123448e+00 1.472081e-04
85 1.193875e-04 3.689952e-04 2.122933e+00 1.456860e-04
86 1.187251e-04 3.633055e-04 2.122426e+00 1.443896e-04
87 1.174699e-04 3.541542e-04 2.121928e+00 1.428737e-04
88 1.169057e-04 3.477738e-04 2.121437e+00 1.417649e-04
89 1.159207e-04 3.433425e-04 2.120955e+00 1.403519e-04
90 1.152315e-04 3.367813e-04 2.120480e+00 1.392071e-04
91 1.142637e-04 3.301301e-04 2.120013e+00 1.379897e-04
92 1.133727e-04 3.249738e-04 2.119552e+00 1.367292e-04
93 1.127672e-04 3.199421e-04 2.119099e+00 1.358245e-04
94 1.118837e-04 3.152111e-04 2.118653e+00 1.345680e-04
95 1.110547e-04 3.115515e-04 2.118213e+00 1.335583e-04
96 1.103919e-04 3.102837e-04 2.117779e+00 1.325602e-04
97 1.098853e-04 3.097752e-04 2.117352e+00 1.316975e-04
98 1.096392e-04 3.109268e-04 2.116931e+00 1.309308e-04
99 1.086018e-04 3.064130e-04 2.116515e+00 1.299498e-04
100 1.078995e-04 3.039282e-04 2.116106e+00 1.289309e-04
101 1.076710e-04 3.046635e-04 2.115702e+00 1.282435e-04
102 1.066446e-04 3.003832e-04 2.115303e+00 1.272671e-04
103 1.062831e-04 3.005111e-04 2.114910e+00 1.265289e-04
104 1.057539e-04 2.993078e-04 2.114522e+00 1.257895e-04
105 1.051321e-04 2.968404e-04 2.114140e+00 1.249899e-04
106 1.045274e-04 2.947007e-04 2.113762e+00 1.242139e-04
107 1.039028e-04 2.922117e-04 2.113389e+00 1.234565e-04
108 1.033678e-04 2.901703e-04 2.113021e+00 1.227267e-04
109 1.031263e-04 2.906085e-04 2.112658e+00 1.221566e-04
110 1.023244e-04 2.858579e-04 2.112299e+00 1.212876e-04
111 1.019566e-04 2.874067e-04 2.111945e+00 1.207009e-04
112 1.015969e-04 2.867475e-04 2.111595e+00 1.201152e-04
113 1.010928e-04 2.872143e-04 2.111249e+00 1.194880e-04
114 1.003534e-04 2.884749e-04 2.110907e+00 1.187411e-04
115 9.998522e-05 2.850604e-04 2.110570e+00 1.180967e-04
116 9.947331e-05 2.851150e-04 2.110236e+00 1.174792e-04
117 9.904913e-05 2.843451e-04 2.109907e+00 1.168742e-04
118 9.870200e-05 2.824066e-04 2.109581e+00 1.163206e-04
119 9.844335e-05 2.827985e-04 2.109259e+00 1.158693e-04
120 9.791573e-05 2.815162e-04 2.108940e+00 1.152217e-04
121 9.721193e-05 2.821504e-04 2.108625e+00 1.145187e-04
122 9.688355e-05 2.820856e-04 2.108314e+00 1.140283e-04
123 9.634231e-05 2.834102e-04 2.108006e+00 1.134499e-04
124 9.613605e-05 2.826831e-04 2.107701e+00 1.130090e-04
125 9.549972e-05 2.819732e-04 2.107400e+00 1.123671e-04
126 9.556424e-05 2.803984e-04 2.107101e+00 1.120652e-04
127 9.455870e-05 2.824805e-04 2.106806e+00 1.112843e-04
128 9.411351e-05 2.810544e-04 2.106514e+00 1.107503e-04
129 9.389511e-05 2.819229e-04 2.106225e+00 1.103338e-04
130 9.332980e-05 2.816501e-04 2.105938e+00 1.097713e-04
131 9.316494e-05 2.797471e-04 2.105655e+00 1.093573e-04
132 9.267345e-05 2.821503e-04 2.105374e+00 1.088682e-04
133 9.232172e-05 2.804023e-04 2.105096e+00 1.083855e-04
134 9.197473e-05 2.812577e-04 2.104821e+00 1.079427e-04
135 9.163157e-05 2.816348e-04 2.104548e+00 1.075027e-04
136 9.106627e-05 2.821379e-04 2.104278e+00 1.069830e-04
137 9.095533e-05 2.813188e-04 2.104011e+00 1.066296e-04
138 9.034341e-05 2.818253e-04 2.103745e+00 1.061051e-04
139 9.008565e-05 2.809960e-04 2.103483e+00 1.057037e-04
140 8.979295e-05 2.814235e-04 2.103222e+00 1.053054e-04
141 8.928380e-05 2.816384e-04 2.102964e+00 1.048328e-04
142 8.897994e-05 2.814121e-04 2.102708e+00 1.044353e-04
143 8.873687e-05 2.831018e-04 2.102454e+00 1.040828e-04
144 8.808973e-05 2.824111e-04 2.102202e+00 1.035776e-04
145 8.760042e-05 2.822366e-04 2.101952e+00 1.031507e-04
146 8.761914e-05 2.813009e-04 2.101705e+00 1.028501e-04
147 8.753728e-05 2.804949e-04 2.101459e+00 1.025598e-04
148 8.718199e-05 2.807045e-04 2.101215e+00 1.021753e-04
149 8.665707e-05 2.800318e-04 2.100973e+00 1.017314e-04
150 8.597467e-05 2.813024e-04 2.100733e+00 1.012801e-04
151 8.591434e-05 2.800418e-04 2.100495e+00 1.009913e-04
152 8.555517e-05 2.815015e-04 2.100258e+00 1.006213e-04
153 8.533414e-05 2.789820e-04 2.100023e+00 1.003060e-04
154 8.501059e-05 2.806066e-04 2.099790e+00 9.995577e-05
155 8.473573e-05 2.797180e-04 2.099558e+00 9.964216e-05
156 8.453108e-05 2.790382e-04 2.099328e+00 9.934008e-05
