1 1.223103e-02 2.450445e-02 2.971332e+00 1.298533e-02
2 2.405276e-03 6.206026e-03 2.178682e+00 2.764572e-03
3 1.943910e-03 6.357500e-03 1.913212e+00 2.254161e-03
4 2.427452e-03 6.518448e-03 1.780090e+00 2.721215e-03
5 2.418246e-03 6.737286e-03 1.702609e+00 2.700290e-03
6 2.137807e-03 6.411874e-03 1.652682e+00 2.391334e-03
7 1.813134e-03 5.822535e-03 1.618450e+00 2.036703e-03
8 1.523483e-03 5.171527e-03 1.594086e+00 1.719845e-03
9 1.277093e-03 4.571279e-03 1.576331e+00 1.449486e-03
10 1.069449e-03 4.034869e-03 1.563177e+00 1.221327e-03
11 8.917074e-04 3.573674e-03 1.553289e+00 1.026080e-03
12 7.434877e-04 3.139185e-03 1.545737e+00 8.624807e-04
13 6.216567e-04 2.765238e-03 1.539840e+00 7.271585e-04
14 5.265831e-04 2.465277e-03 1.535119e+00 6.226665e-04
15 4.526449e-04 2.212885e-03 1.531239e+00 5.406762e-04
16 3.956334e-04 1.993529e-03 1.527965e+00 4.759659e-04
17 3.520852e-04 1.809336e-03 1.525130e+00 4.256685e-04
18 3.188413e-04 1.650915e-03 1.522614e+00 3.862783e-04
19 2.937784e-04 1.526508e-03 1.520322e+00 3.569595e-04
20 2.741309e-04 1.411429e-03 1.518181e+00 3.332553e-04
21 2.587497e-04 1.309266e-03 1.516142e+00 3.140797e-04
22 2.466172e-04 1.226659e-03 1.514198e+00 2.993320e-04
23 2.369377e-04 1.154093e-03 1.512350e+00 2.875866e-04
24 2.291809e-04 1.091370e-03 1.510570e+00 2.780292e-04
25 2.228759e-04 1.042436e-03 1.508807e+00 2.705053e-04
26 2.173981e-04 9.962368e-04 1.507032e+00 2.638866e-04
27 2.127660e-04 9.494375e-04 1.505246e+00 2.579336e-04
28 2.092153e-04 9.213095e-04 1.503456e+00 2.538726e-04
29 2.063188e-04 8.892962e-04 1.501682e+00 2.501403e-04
30 2.044194e-04 8.676383e-04 1.499985e+00 2.477447e-04
31 2.029081e-04 8.470515e-04 1.498415e+00 2.457643e-04
32 2.012057e-04 8.260730e-04 1.496966e+00 2.434827e-04
33 1.991366e-04 8.133066e-04 1.495606e+00 2.413217e-04
34 1.967717e-04 7.940686e-04 1.494305e+00 2.386498e-04
35 1.945513e-04 7.876277e-04 1.493042e+00 2.366615e-04
36 1.920962e-04 7.746524e-04 1.491811e+00 2.341772e-04
37 1.896855e-04 7.661664e-04 1.490621e+00 2.319763e-04
38 1.876807e-04 7.577356e-04 1.489475e+00 2.297080e-04
39 1.855598e-04 7.472445e-04 1.488363e+00 2.274485e-04
40 1.835705e-04 7.381903e-04 1.487284e+00 2.252893e-04
41 1.812977e-04 7.275583e-04 1.486265e+00 2.230065e-04
42 1.792019e-04 7.137074e-04 1.485338e+00 2.204132e-04
43 1.772086e-04 6.991743e-04 1.484501e+00 2.177999e-04
44 1.755086e-04 6.855705e-04 1.483731e+00 2.153110e-04
45 1.736672e-04 6.743721e-04 1.483010e+00 2.130168e-04
46 1.721099e-04 6.627253e-04 1.482327e+00 2.108006e-04
47 1.706395e-04 6.511339e-04 1.481672e+00 2.087252e-04
48 1.691774e-04 6.427807e-04 1.481041e+00 2.068961e-04
49 1.678975e-04 6.324645e-04 1.480429e+00 2.051275e-04
50 1.667577e-04 6.232027e-04 1.479834e+00 2.033941e-04
51 1.657197e-04 6.179051e-04 1.479255e+00 2.020249e-04
52 1.645785e-04 6.105954e-04 1.478693e+00 2.005041e-04
53 1.635041e-04 6.014930e-04 1.478149e+00 1.990073e-04
54 1.624336e-04 5.970778e-04 1.477623e+00 1.977188e-04
55 1.615163e-04 5.940383e-04 1.477115e+00 1.966456e-04
56 1.605123e-04 5.823633e-04 1.476624e+00 1.950439e-04
57 1.597083e-04 5.809958e-04 1.476148e+00 1.941244e-04
58 1.588101e-04 5.727241e-04 1.475685e+00 1.928968e-04
59 1.580316e-04 5.708016e-04 1.475233e+00 1.920242e-04
60 1.572771e-04 5.596046e-04 1.474791e+00 1.907383e-04
61 1.565554e-04 5.574611e-04 1.474358e+00 1.899215e-04
62 1.559006e-04 5.537133e-04 1.473932e+00 1.890916e-04
63 1.552831e-04 5.463058e-04 1.473513e+00 1.881171e-04
64 1.547608e-04 5.451616e-04 1.473099e+00 1.875375e-04
65 1.541784e-04 5.388571e-04 1.472690e+00 1.866995e-04
66 1.535607e-04 5.335892e-04 1.472284e+00 1.858657e-04
67 1.530466e-04 5.305174e-04 1.471882e+00 1.852101e-04
68 1.526371e-04 5.301096e-04 1.471481e+00 1.847226e-04
69 1.521129e-04 5.253586e-04 1.471082e+00 1.840818e-04
70 1.516882e-04 5.215873e-04 1.470683e+00 1.833979e-04
71 1.512810e-04 5.168012e-04 1.470283e+00 1.826622e-04
72 1.508580e-04 5.159294e-04 1.469883e+00 1.822885e-04
73 1.505294e-04 5.123270e-04 1.469483e+00 1.816805e-04
74 1.500757e-04 5.077967e-04 1.469083e+00 1.811443e-04
75 1.498478e-04 5.060232e-04 1.468686e+00 1.806421e-04
76 1.494885e-04 5.037566e-04 1.468291e+00 1.802145e-04
77 1.491331e-04 5.016017e-04 1.467900e+00 1.798006e-04
78 1.486849e-04 4.957388e-04 1.467514e+00 1.790826e-04
79 1.485933e-04 4.936420e-04 1.467131e+00 1.786355e-04
80 1.479321e-04 4.908472e-04 1.466752e+00 1.781500e-04
81 1.475239e-04 4.879618e-04 1.466377e+00 1.776345e-04
82 1.471603e-04 4.878588e-04 1.466005e+00 1.771264e-04
83 1.467215e-04 4.847520e-04 1.465637e+00 1.765019e-04
84 1.463212e-04 4.846549e-04 1.465271e+00 1.760210e-04
85 1.458452e-04 4.813565e-04 1.464908e+00 1.754416e-04
86 1.454652e-04 4.826194e-04 1.464547e+00 1.749551e-04
87 1.449754e-04 4.779948e-04 1.464189e+00 1.742669e-04
88 1.446309e-04 4.756972e-04 1.463832e+00 1.736999e-04
89 1.439952e-04 4.758360e-04 1.463478e+00 1.731900e-04
90 1.434192e-04 4.706357e-04 1.463125e+00 1.724520e-04
91 1.429734e-04 4.680545e-04 1.462775e+00 1.718451e-04
92 1.426654e-04 4.657710e-04 1.462425e+00 1.712832e-04
93 1.422483e-04 4.667475e-04 1.462076e+00 1.708921e-04
94 1.418931e-04 4.631149e-04 1.461729e+00 1.702111e-04
95 1.411712e-04 4.589014e-04 1.461382e+00 1.694869e-04
96 1.407239e-04 4.545454e-04 1.461035e+00 1.688602e-04
97 1.402388e-04 4.505087e-04 1.460688e+00 1.681668e-04
98 1.399875e-04 4.482185e-04 1.460341e+00 1.676730e-04
99 1.393274e-04 4.451235e-04 1.459994e+00 1.671177e-04
100 1.391558e-04 4.382750e-04 1.459645e+00 1.664050e-04
101 1.386962e-04 4.362165e-04 1.459295e+00 1.658647e-04
102 1.382331e-04 4.305107e-04 1.458943e+00 1.652395e-04
103 1.380447e-04 4.267976e-04 1.458589e+00 1.647787e-04
104 1.374696e-04 4.203346e-04 1.458231e+00 1.642328e-04
105 1.373085e-04 4.185091e-04 1.457869e+00 1.638290e-04
106 1.369856e-04 4.118730e-04 1.457502e+00 1.632604e-04
107 1.368084e-04 4.088932e-04 1.457129e+00 1.629244e-04
108 1.367152e-04 4.031248e-04 1.456747e+00 1.625436e-04
109 1.370033e-04 4.005714e-04 1.456353e+00 1.624337e-04
110 1.368381e-04 3.953883e-04 1.455946e+00 1.621549e-04
111 1.370564e-04 3.885251e-04 1.455520e+00 1.620461e-04
112 1.371614e-04 3.859414e-04 1.455076e+00 1.620334e-04
113 1.375000e-04 3.876075e-04 1.454617e+00 1.621744e-04
114 1.380722e-04 3.867245e-04 1.454151e+00 1.621202e-04
115 1.381745e-04 3.912444e-04 1.453679e+00 1.621395e-04
116 1.385960e-04 3.905101e-04 1.453201e+00 1.623854e-04
117 1.389630e-04 3.925025e-04 1.452714e+00 1.623146e-04
118 1.394119e-04 3.924135e-04 1.452214e+00 1.623776e-04
119 1.396239e-04 3.950616e-04 1.451700e+00 1.625112e-04
120 1.400955e-04 3.957559e-04 1.451169e+00 1.627997e-04
121 1.403496e-04 3.977701e-04 1.450617e+00 1.632015e-04
122 1.409980e-04 3.961575e-04 1.450041e+00 1.634866e-04
123 1.414461e-04 3.979977e-04 1.449438e+00 1.640338e-04
124 1.423267e-04 3.962423e-04 1.448803e+00 1.643284e-04
125 1.430067e-04 3.957296e-04 1.448134e+00 1.650713e-04
126 1.435685e-04 3.978433e-04 1.447430e+00 1.654647e-04
127 1.439785e-04 4.002496e-04 1.446691e+00 1.659886e-04
128 1.448286e-04 3.975403e-04 1.445920e+00 1.665346e-04
129 1.450186e-04 4.008846e-04 1.445120e+00 1.670228e-04
130 1.456615e-04 3.985641e-04 1.444294e+00 1.673165e-04
131 1.460175e-04 3.984099e-04 1.443443e+00 1.677370e-04
132 1.462661e-04 3.991002e-04 1.442570e+00 1.681065e-04
133 1.465320e-04 3.998117e-04 1.441675e+00 1.686141e-04
134 1.467104e-04 4.010137e-04 1.440757e+00 1.688247e-04
135 1.470899e-04 3.999520e-04 1.439817e+00 1.691256e-04
136 1.471616e-04 4.007552e-04 1.438852e+00 1.696005e-04
137 1.478604e-04 3.962966e-04 1.437861e+00 1.700754e-04
138 1.478566e-04 4.026761e-04 1.436843e+00 1.703895e-04
139 1.484039e-04 4.180451e-04 1.435796e+00 1.709787e-04
140 1.483655e-04 4.256014e-04 1.434718e+00 1.713260e-04
141 1.487384e-04 4.349374e-04 1.433607e+00 1.718976e-04
142 1.484987e-04 4.385869e-04 1.432460e+00 1.724860e-04
143 1.497909e-04 4.561218e-04 1.431273e+00 1.732288e-04
144 1.502465e-04 4.692077e-04 1.430044e+00 1.739177e-04
145 1.500981e-04 4.856787e-04 1.428770e+00 1.748404e-04
146 1.508946e-04 5.010737e-04 1.427450e+00 1.758941e-04
147 1.520238e-04 5.190260e-04 1.426078e+00 1.770191e-04
148 1.524009e-04 5.317315e-04 1.424649e+00 1.781705e-04
149 1.534967e-04 5.521285e-04 1.423158e+00 1.797478e-04
150 1.547823e-04 5.705809e-04 1.421597e+00 1.812436e-04
151 1.558173e-04 5.888217e-04 1.419963e+00 1.829171e-04
152 1.574670e-04 6.056081e-04 1.418252e+00 1.848203e-04
153 1.579688e-04 6.204399e-04 1.416462e+00 1.864002e-04
154 1.605481e-04 6.367478e-04 1.414594e+00 1.883953e-04
155 1.612735e-04 6.456628e-04 1.412652e+00 1.899378e-04
156 1.618085e-04 6.549648e-04 1.410644e+00 1.913400e-04
157 1.640052e-04 6.615879e-04 1.408580e+00 1.926213e-04
158 1.643549e-04 6.742823e-04 1.406477e+00 1.932816e-04
159 1.653415e-04 6.878315e-04 1.404359e+00 1.938409e-04
160 1.653706e-04 6.795649e-04 1.402252e+00 1.936495e-04
161 1.651258e-04 6.686465e-04 1.400183e+00 1.930808e-04
162 1.655250e-04 6.441100e-04 1.398172e+00 1.925938e-04
163 1.654596e-04 6.071391e-04 1.396232e+00 1.917158e-04
164 1.648337e-04 5.584718e-04 1.394365e+00 1.905171e-04
165 1.652099e-04 5.027374e-04 1.392561e+00 1.895947e-04
166 1.647383e-04 4.406501e-04 1.390802e+00 1.885955e-04
167 1.640543e-04 3.873419e-04 1.389065e+00 1.875723e-04
168 1.633453e-04 3.766403e-04 1.387330e+00 1.865792e-04
169 1.626860e-04 4.025890e-04 1.385581e+00 1.859436e-04
170 1.623065e-04 4.216938e-04 1.383821e+00 1.853195e-04
171 1.615416e-04 4.371659e-04 1.382063e+00 1.846264e-04
172 1.610425e-04 4.543050e-04 1.380325e+00 1.840798e-04
173 1.597965e-04 4.561601e-04 1.378622e+00 1.832069e-04
174 1.588404e-04 4.572511e-04 1.376961e+00 1.827575e-04
175 1.587402e-04 4.567944e-04 1.375340e+00 1.826606e-04
176 1.582795e-04 4.511543e-04 1.373757e+00 1.824398e-04
177 1.591898e-04 4.484226e-04 1.372208e+00 1.826073e-04
178 1.571194e-04 4.315628e-04 1.370691e+00 1.817804e-04
179 1.567854e-04 4.351209e-04 1.369207e+00 1.813735e-04
180 1.563846e-04 4.352755e-04 1.367755e+00 1.809719e-04
181 1.548593e-04 4.414648e-04 1.366333e+00 1.799233e-04
182 1.543982e-04 4.377803e-04 1.364937e+00 1.791197e-04
183 1.522599e-04 4.427918e-04 1.363558e+00 1.778681e-04
184 1.515039e-04 4.349169e-04 1.362186e+00 1.768333e-04
185 1.499189e-04 4.346957e-04 1.360807e+00 1.757292e-04
186 1.486250e-04 4.316128e-04 1.359401e+00 1.748317e-04
187 1.479954e-04 4.266018e-04 1.357936e+00 1.743174e-04
188 1.470442e-04 4.256809e-04 1.356388e+00 1.739048e-04
189 1.457703e-04 4.239896e-04 1.354780e+00 1.736098e-04
190 1.448405e-04 4.254793e-04 1.353167e+00 1.736315e-04
191 1.458231e-04 4.171014e-04 1.351552e+00 1.740134e-04
192 1.436759e-04 4.324722e-04 1.349911e+00 1.737657e-04
193 1.437786e-04 4.473444e-04 1.348225e+00 1.742681e-04
194 1.431951e-04 4.622364e-04 1.346478e+00 1.750856e-04
195 1.447044e-04 4.771958e-04 1.344658e+00 1.766300e-04
196 1.456228e-04 4.911615e-04 1.342753e+00 1.784092e-04
197 1.472752e-04 5.064515e-04 1.340756e+00 1.808973e-04
198 1.478629e-04 5.298459e-04 1.338656e+00 1.831986e-04
199 1.509726e-04 5.559804e-04 1.336446e+00 1.865391e-04
200 1.531057e-04 5.884321e-04 1.334117e+00 1.897050e-04
201 1.553393e-04 6.270981e-04 1.331660e+00 1.933062e-04
202 1.583110e-04 6.617882e-04 1.329068e+00 1.970641e-04
203 1.622077e-04 6.962108e-04 1.326350e+00 2.010430e-04
204 1.651934e-04 7.360502e-04 1.323525e+00 2.046239e-04
205 1.698512e-04 7.664622e-04 1.320614e+00 2.083649e-04
206 1.731777e-04 7.970002e-04 1.317633e+00 2.113825e-04
207 1.756985e-04 8.253889e-04 1.314595e+00 2.136057e-04
208 1.786241e-04 8.449923e-04 1.311511e+00 2.154252e-04
209 1.799043e-04 8.654172e-04 1.308395e+00 2.162945e-04
210 1.811099e-04 8.798311e-04 1.305268e+00 2.169668e-04
211 1.817269e-04 8.877837e-04 1.302161e+00 2.167666e-04
212 1.813981e-04 8.937911e-04 1.299114e+00 2.158253e-04
213 1.800204e-04 8.977961e-04 1.296167e+00 2.138504e-04
214 1.777671e-04 8.995720e-04 1.293351e+00 2.110802e-04
215 1.750117e-04 8.964127e-04 1.290682e+00 2.076258e-04
216 1.718159e-04 8.925184e-04 1.288163e+00 2.034386e-04
217 1.681835e-04 8.900166e-04 1.285786e+00 1.993242e-04
218 1.652707e-04 8.836410e-04 1.283540e+00 1.953562e-04
219 1.613850e-04 8.855360e-04 1.281409e+00 1.912498e-04
220 1.580306e-04 8.848698e-04 1.279377e+00 1.876765e-04
221 1.548794e-04 8.857736e-04 1.277426e+00 1.841754e-04
222 1.525286e-04 8.800442e-04 1.275543e+00 1.811749e-04
223 1.496206e-04 8.814911e-04 1.273713e+00 1.782610e-04
224 1.476958e-04 8.762792e-04 1.271925e+00 1.758973e-04
225 1.452387e-04 8.754736e-04 1.270166e+00 1.735200e-04
226 1.434444e-04 8.706961e-04 1.268424e+00 1.715940e-04
227 1.420063e-04 8.633114e-04 1.266689e+00 1.699303e-04
228 1.407422e-04 8.578784e-04 1.264951e+00 1.683559e-04
229 1.394864e-04 8.486333e-04 1.263210e+00 1.672051e-04
230 1.382941e-04 8.372739e-04 1.261480e+00 1.662264e-04
231 1.372266e-04 8.313686e-04 1.259774e+00 1.648060e-04
232 1.360488e-04 8.209767e-04 1.258098e+00 1.638410e-04
233 1.352233e-04 8.117803e-04 1.256448e+00 1.629066e-04
234 1.353467e-04 7.986445e-04 1.254823e+00 1.622370e-04
235 1.345340e-04 7.934012e-04 1.253217e+00 1.616972e-04
236 1.345600e-04 7.836209e-04 1.251628e+00 1.613693e-04
237 1.340626e-04 7.731611e-04 1.250051e+00 1.613409e-04
238 1.346315e-04 7.618436e-04 1.248481e+00 1.611649e-04
239 1.345991e-04 7.540553e-04 1.246913e+00 1.610001e-04
240 1.347646e-04 7.418699e-04 1.245341e+00 1.609856e-04
241 1.350700e-04 7.292735e-04 1.243758e+00 1.610064e-04
242 1.352247e-04 7.210221e-04 1.242162e+00 1.606911e-04
243 1.356943e-04 7.039687e-04 1.240547e+00 1.607660e-04
244 1.358234e-04 6.946795e-04 1.238914e+00 1.605067e-04
245 1.353930e-04 6.867954e-04 1.237262e+00 1.599360e-04
246 1.350254e-04 6.742284e-04 1.235591e+00 1.593285e-04
247 1.344924e-04 6.602492e-04 1.233906e+00 1.585706e-04
248 1.339417e-04 6.464750e-04 1.232214e+00 1.573820e-04
249 1.329716e-04 6.315282e-04 1.230527e+00 1.557285e-04
250 1.309706e-04 6.190698e-04 1.228861e+00 1.536478e-04
251 1.291104e-04 6.075424e-04 1.227236e+00 1.509649e-04
252 1.267648e-04 5.878831e-04 1.225674e+00 1.480065e-04
253 1.241410e-04 5.726315e-04 1.224188e+00 1.447356e-04
254 1.214517e-04 5.565700e-04 1.222783e+00 1.412254e-04
