1 1.076233e-02 2.531694e-02 2.865155e+00 1.171533e-02
2 1.925485e-03 3.583386e-03 2.152902e+00 2.031067e-03
3 8.768897e-04 2.052963e-03 1.855796e+00 9.604138e-04
4 1.509783e-03 2.491223e-03 1.692286e+00 1.619626e-03
5 2.334111e-03 4.042657e-03 1.577721e+00 2.506554e-03
6 2.744973e-03 5.017369e-03 1.483395e+00 2.966558e-03
7 2.798057e-03 5.286250e-03 1.405927e+00 3.032072e-03
8 2.633793e-03 5.048306e-03 1.347287e+00 2.862817e-03
9 2.362120e-03 4.606384e-03 1.306506e+00 2.575962e-03
10 2.061702e-03 4.051398e-03 1.278848e+00 2.259521e-03
11 1.793428e-03 3.489439e-03 1.259415e+00 1.973517e-03
12 1.564040e-03 3.227296e-03 1.245077e+00 1.732098e-03
13 1.376572e-03 3.054289e-03 1.234121e+00 1.534470e-03
14 1.224499e-03 2.906243e-03 1.225542e+00 1.374825e-03
15 1.100621e-03 2.785701e-03 1.218682e+00 1.243961e-03
16 9.949446e-04 2.601742e-03 1.213081e+00 1.134673e-03
17 9.101754e-04 2.479653e-03 1.208413e+00 1.046433e-03
18 8.388847e-04 2.334056e-03 1.204443e+00 9.732886e-04
19 7.801225e-04 2.204996e-03 1.201002e+00 9.131099e-04
20 7.320838e-04 2.098602e-03 1.197969e+00 8.638882e-04
21 6.908947e-04 1.983557e-03 1.195252e+00 8.226162e-04
22 6.591520e-04 1.913162e-03 1.192785e+00 7.887472e-04
23 6.299301e-04 1.810355e-03 1.190519e+00 7.592132e-04
24 6.065367e-04 1.738202e-03 1.188415e+00 7.344379e-04
25 5.853638e-04 1.686725e-03 1.186444e+00 7.131248e-04
26 5.686802e-04 1.660436e-03 1.184584e+00 6.947748e-04
27 5.542111e-04 1.617558e-03 1.182815e+00 6.789748e-04
28 5.411129e-04 1.585131e-03 1.181124e+00 6.646065e-04
29 5.298090e-04 1.543649e-03 1.179499e+00 6.519463e-04
30 5.188192e-04 1.522683e-03 1.177932e+00 6.402907e-04
31 5.103021e-04 1.497371e-03 1.176414e+00 6.301027e-04
32 5.009907e-04 1.457700e-03 1.174941e+00 6.200148e-04
33 4.928917e-04 1.425274e-03 1.173509e+00 6.107132e-04
34 4.857756e-04 1.383480e-03 1.172117e+00 6.021327e-04
35 4.792174e-04 1.366519e-03 1.170762e+00 5.941856e-04
36 4.725246e-04 1.351361e-03 1.169444e+00 5.865828e-04
37 4.665808e-04 1.320030e-03 1.168164e+00 5.790280e-04
38 4.598949e-04 1.295298e-03 1.166919e+00 5.716454e-04
39 4.555352e-04 1.269948e-03 1.165709e+00 5.650646e-04
40 4.496397e-04 1.258787e-03 1.164533e+00 5.585162e-04
41 4.439182e-04 1.227313e-03 1.163388e+00 5.516397e-04
42 4.395097e-04 1.198579e-03 1.162274e+00 5.453475e-04
43 4.344161e-04 1.179049e-03 1.161189e+00 5.391286e-04
44 4.297468e-04 1.159860e-03 1.160130e+00 5.331863e-04
45 4.256904e-04 1.136004e-03 1.159096e+00 5.273760e-04
46 4.206250e-04 1.127395e-03 1.158086e+00 5.218521e-04
47 4.161677e-04 1.088309e-03 1.157099e+00 5.154353e-04
48 4.114366e-04 1.070008e-03 1.156132e+00 5.097672e-04
49 4.073408e-04 1.049876e-03 1.155186e+00 5.042983e-04
50 4.033456e-04 1.040100e-03 1.154260e+00 4.993374e-04
51 4.003233e-04 1.045338e-03 1.153352e+00 4.939908e-04
52 3.947201e-04 1.014631e-03 1.152462e+00 4.876731e-04
53 3.910287e-04 1.005816e-03 1.151590e+00 4.822230e-04
54 3.861960e-04 1.001343e-03 1.150734e+00 4.770979e-04
55 3.826251e-04 1.003071e-03 1.149895e+00 4.718357e-04
56 3.786908e-04 9.900181e-04 1.149073e+00 4.664083e-04
57 3.751353e-04 9.827415e-04 1.148266e+00 4.611720e-04
58 3.704774e-04 9.786560e-04 1.147475e+00 4.561429e-04
59 3.664753e-04 9.768918e-04 1.146700e+00 4.510290e-04
60 3.625257e-04 9.802018e-04 1.145939e+00 4.458508e-04
61 3.587116e-04 9.760987e-04 1.145193e+00 4.407643e-04
62 3.550209e-04 9.750300e-04 1.144461e+00 4.357741e-04
63 3.511660e-04 9.634149e-04 1.143744e+00 4.309224e-04
64 3.473072e-04 9.680065e-04 1.143039e+00 4.258228e-04
65 3.439328e-04 9.700332e-04 1.142348e+00 4.209081e-04
66 3.403906e-04 9.640416e-04 1.141669e+00 4.160494e-04
67 3.365204e-04 9.537242e-04 1.141003e+00 4.113691e-04
68 3.336757e-04 9.499332e-04 1.140348e+00 4.065669e-04
69 3.299303e-04 9.547638e-04 1.139706e+00 4.019821e-04
70 3.253879e-04 9.453080e-04 1.139075e+00 3.975746e-04
71 3.219471e-04 9.341520e-04 1.138457e+00 3.931883e-04
72 3.189284e-04 9.353374e-04 1.137850e+00 3.884672e-04
73 3.155780e-04 9.207628e-04 1.137256e+00 3.842739e-04
74 3.119235e-04 9.254369e-04 1.136675e+00 3.798956e-04
75 3.090369e-04 9.162220e-04 1.136107e+00 3.757289e-04
76 3.052085e-04 9.160829e-04 1.135551e+00 3.716466e-04
77 3.023409e-04 9.070830e-04 1.135008e+00 3.675653e-04
78 2.990327e-04 8.974676e-04 1.134478e+00 3.635487e-04
79 2.957675e-04 9.001413e-04 1.133961e+00 3.594968e-04
80 2.928330e-04 8.827682e-04 1.133455e+00 3.558059e-04
81 2.895782e-04 8.885796e-04 1.132962e+00 3.516615e-04
82 2.866418e-04 8.787954e-04 1.132481e+00 3.477547e-04
83 2.836031e-04 8.778480e-04 1.132011e+00 3.439703e-04
84 2.803006e-04 8.716256e-04 1.131552e+00 3.403089e-04
85 2.777948e-04 8.639660e-04 1.131103e+00 3.363471e-04
86 2.748384e-04 8.608267e-04 1.130665e+00 3.326453e-04
87 2.715084e-04 8.514353e-04 1.130237e+00 3.289151e-04
88 2.687984e-04 8.400277e-04 1.129819e+00 3.251775e-04
89 2.653324e-04 8.357164e-04 1.129410e+00 3.217913e-04
90 2.626984e-04 8.283245e-04 1.129010e+00 3.179384e-04
91 2.599736e-04 8.297310e-04 1.128620e+00 3.143716e-04
92 2.568235e-04 8.066198e-04 1.128238e+00 3.110019e-04
93 2.538955e-04 8.025259e-04 1.127865e+00 3.074800e-04
94 2.513540e-04 8.042082e-04 1.127501e+00 3.038055e-04
95 2.484524e-04 7.929935e-04 1.127145e+00 3.003870e-04
96 2.457531e-04 7.863664e-04 1.126797e+00 2.968848e-04
97 2.427236e-04 7.820501e-04 1.126457e+00 2.936537e-04
98 2.401416e-04 7.791761e-04 1.126125e+00 2.903063e-04
99 2.378031e-04 7.753299e-04 1.125801e+00 2.870114e-04
100 2.344772e-04 7.560813e-04 1.125485e+00 2.839176e-04
101 2.326986e-04 7.594533e-04 1.125176e+00 2.805441e-04
102 2.293606e-04 7.446084e-04 1.124875e+00 2.777671e-04
103 2.268202e-04 7.375945e-04 1.124581e+00 2.742073e-04
104 2.246119e-04 7.314043e-04 1.124294e+00 2.711265e-04
105 2.217220e-04 7.272115e-04 1.124013e+00 2.681138e-04
106 2.195692e-04 7.231550e-04 1.123740e+00 2.650956e-04
107 2.168641e-04 7.159297e-04 1.123473e+00 2.621243e-04
108 2.142954e-04 7.225945e-04 1.123212e+00 2.593865e-04
109 2.118143e-04 7.109027e-04 1.122957e+00 2.564067e-04
110 2.094135e-04 7.105596e-04 1.122709e+00 2.536321e-04
111 2.075762e-04 7.032747e-04 1.122465e+00 2.506602e-04
112 2.049556e-04 7.021033e-04 1.122228e+00 2.479594e-04
113 2.027367e-04 6.962950e-04 1.121996e+00 2.451759e-04
114 2.005433e-04 6.901364e-04 1.121769e+00 2.424823e-04
115 1.982530e-04 6.940678e-04 1.121547e+00 2.399594e-04
116 1.964651e-04 6.890371e-04 1.121329e+00 2.374999e-04
117 1.944094e-04 6.762230e-04 1.121116e+00 2.347766e-04
118 1.912987e-04 6.829043e-04 1.120908e+00 2.323295e-04
119 1.895782e-04 6.770109e-04 1.120704e+00 2.297021e-04
120 1.874402e-04 6.692659e-04 1.120505e+00 2.272322e-04
121 1.853786e-04 6.678635e-04 1.120309e+00 2.248346e-04
122 1.831323e-04 6.642749e-04 1.120117e+00 2.224821e-04
123 1.813385e-04 6.562381e-04 1.119929e+00 2.201498e-04
124 1.797288e-04 6.546783e-04 1.119745e+00 2.179569e-04
125 1.770198e-04 6.574757e-04 1.119564e+00 2.157625e-04
126 1.752601e-04 6.500725e-04 1.119387e+00 2.134455e-04
127 1.733570e-04 6.473034e-04 1.119213e+00 2.112113e-04
128 1.716655e-04 6.463625e-04 1.119042e+00 2.091492e-04
129 1.696707e-04 6.416471e-04 1.118874e+00 2.069965e-04
130 1.678413e-04 6.368185e-04 1.118710e+00 2.049709e-04
131 1.667565e-04 6.274898e-04 1.118548e+00 2.028751e-04
132 1.644688e-04 6.235079e-04 1.118389e+00 2.007579e-04
133 1.625522e-04 6.220398e-04 1.118233e+00 1.989393e-04
134 1.610172e-04 6.168567e-04 1.118080e+00 1.968590e-04
135 1.594098e-04 6.105912e-04 1.117929e+00 1.949276e-04
136 1.579300e-04 6.034881e-04 1.117781e+00 1.930367e-04
137 1.559756e-04 6.023923e-04 1.117636e+00 1.913616e-04
138 1.547638e-04 6.004671e-04 1.117492e+00 1.894952e-04
139 1.526935e-04 5.984439e-04 1.117351e+00 1.877386e-04
140 1.516407e-04 5.847335e-04 1.117213e+00 1.858393e-04
141 1.497634e-04 5.857581e-04 1.117076e+00 1.841362e-04
142 1.481040e-04 5.829009e-04 1.116942e+00 1.825144e-04
143 1.470496e-04 5.778984e-04 1.116810e+00 1.808497e-04
144 1.459330e-04 5.741001e-04 1.116680e+00 1.793557e-04
145 1.437945e-04 5.681711e-04 1.116552e+00 1.775100e-04
146 1.423454e-04 5.658286e-04 1.116426e+00 1.759895e-04
147 1.415710e-04 5.569908e-04 1.116301e+00 1.744456e-04
148 1.394837e-04 5.572788e-04 1.116179e+00 1.728683e-04
149 1.383586e-04 5.466106e-04 1.116058e+00 1.711870e-04
150 1.366168e-04 5.474385e-04 1.115940e+00 1.698791e-04
151 1.355330e-04 5.403305e-04 1.115822e+00 1.682097e-04
152 1.344637e-04 5.329006e-04 1.115707e+00 1.667407e-04
153 1.330000e-04 5.279732e-04 1.115593e+00 1.651969e-04
154 1.315675e-04 5.273965e-04 1.115481e+00 1.639025e-04
155 1.302424e-04 5.207742e-04 1.115370e+00 1.623546e-04
156 1.288570e-04 5.152590e-04 1.115261e+00 1.610379e-04
157 1.277096e-04 5.124453e-04 1.115154e+00 1.595872e-04
158 1.264058e-04 5.058682e-04 1.115048e+00 1.581381e-04
159 1.248599e-04 5.076554e-04 1.114943e+00 1.571306e-04
160 1.240742e-04 4.987877e-04 1.114840e+00 1.555945e-04
161 1.225675e-04 4.917262e-04 1.114739e+00 1.540341e-04
162 1.215475e-04 4.892668e-04 1.114639e+00 1.528404e-04
163 1.206780e-04 4.763352e-04 1.114540e+00 1.512452e-04
164 1.192960e-04 4.713618e-04 1.114442e+00 1.499188e-04
165 1.180526e-04 4.683689e-04 1.114346e+00 1.486066e-04
166 1.164816e-04 4.704615e-04 1.114251e+00 1.475721e-04
