1 1.539304e-02 5.114849e-02 3.981294e+00 1.733040e-02
2 6.381441e-03 2.035101e-02 2.446050e+00 7.493337e-03
3 3.001897e-03 6.754856e-03 2.071811e+00 3.343979e-03
4 2.468025e-03 6.284442e-03 1.917149e+00 2.771239e-03
5 1.974309e-03 5.692234e-03 1.829445e+00 2.223124e-03
6 1.603819e-03 5.056896e-03 1.773474e+00 1.804328e-03
7 1.307402e-03 4.394334e-03 1.735289e+00 1.468754e-03
8 1.078819e-03 3.770911e-03 1.707984e+00 1.209347e-03
9 8.992679e-04 3.196940e-03 1.687758e+00 1.005768e-03
10 7.582240e-04 2.695748e-03 1.672353e+00 8.464803e-04
11 6.487928e-04 2.307446e-03 1.660341e+00 7.236462e-04
12 5.620664e-04 1.982901e-03 1.650762e+00 6.273234e-04
13 4.933638e-04 1.710686e-03 1.642955e+00 5.519879e-04
14 4.403095e-04 1.504994e-03 1.636457e+00 4.944799e-04
15 3.975120e-04 1.330003e-03 1.630940e+00 4.489872e-04
16 3.633997e-04 1.190094e-03 1.626173e+00 4.132352e-04
17 3.362342e-04 1.080534e-03 1.621994e+00 3.849719e-04
18 3.137332e-04 9.920181e-04 1.618293e+00 3.617508e-04
19 2.950741e-04 9.757745e-04 1.614989e+00 3.427747e-04
20 2.786533e-04 9.508114e-04 1.612031e+00 3.263501e-04
21 2.647907e-04 9.255788e-04 1.609377e+00 3.124764e-04
22 2.529444e-04 9.006216e-04 1.606998e+00 3.007347e-04
23 2.427760e-04 8.783380e-04 1.604868e+00 2.904173e-04
24 2.336113e-04 8.512685e-04 1.602959e+00 2.811172e-04
25 2.255141e-04 8.265740e-04 1.601245e+00 2.727611e-04
26 2.178207e-04 7.955149e-04 1.599701e+00 2.652185e-04
27 2.112080e-04 7.717675e-04 1.598302e+00 2.580884e-04
28 2.049160e-04 7.462470e-04 1.597030e+00 2.513468e-04
29 1.989131e-04 7.186776e-04 1.595867e+00 2.451098e-04
30 1.930525e-04 6.891477e-04 1.594799e+00 2.393087e-04
31 1.881073e-04 6.696254e-04 1.593814e+00 2.334816e-04
32 1.834407e-04 6.512588e-04 1.592901e+00 2.278622e-04
33 1.785383e-04 6.238787e-04 1.592053e+00 2.227283e-04
34 1.739335e-04 6.057769e-04 1.591260e+00 2.175901e-04
35 1.697145e-04 5.886872e-04 1.590516e+00 2.126293e-04
36 1.656812e-04 5.691906e-04 1.589815e+00 2.079103e-04
37 1.615714e-04 5.508361e-04 1.589151e+00 2.033096e-04
38 1.578790e-04 5.313861e-04 1.588519e+00 1.989204e-04
39 1.540058e-04 5.150124e-04 1.587915e+00 1.946065e-04
40 1.503209e-04 5.010800e-04 1.587334e+00 1.903765e-04
41 1.465751e-04 4.842743e-04 1.586775e+00 1.863969e-04
42 1.435092e-04 4.725255e-04 1.586233e+00 1.823496e-04
43 1.403082e-04 4.621570e-04 1.585707e+00 1.785010e-04
44 1.370823e-04 4.553272e-04 1.585197e+00 1.747731e-04
45 1.342396e-04 4.449990e-04 1.584701e+00 1.711667e-04
46 1.313469e-04 4.423127e-04 1.584220e+00 1.674994e-04
47 1.285489e-04 4.303113e-04 1.583756e+00 1.641391e-04
48 1.256084e-04 4.242943e-04 1.583308e+00 1.606947e-04
49 1.228822e-04 4.143854e-04 1.582876e+00 1.574802e-04
50 1.200961e-04 4.079545e-04 1.582460e+00 1.542304e-04
51 1.178000e-04 4.020415e-04 1.582059e+00 1.510875e-04
52 1.154327e-04 3.957625e-04 1.581672e+00 1.479449e-04
53 1.132087e-04 3.902541e-04 1.581298e+00 1.449406e-04
54 1.111540e-04 3.837021e-04 1.580938e+00 1.420727e-04
1 1.653664e-02 3.051154e-02 3.002883e+00 1.757302e-02
2 2.056337e-03 5.415839e-03 2.332413e+00 2.331402e-03
3 2.941646e-03 6.318074e-03 1.986531e+00 3.273415e-03
4 3.249203e-03 5.914647e-03 1.751645e+00 3.573869e-03
5 2.768947e-03 4.681123e-03 1.608903e+00 3.006973e-03
6 2.229052e-03 4.372442e-03 1.524298e+00 2.406680e-03
7 1.765637e-03 3.945909e-03 1.472923e+00 1.911551e-03
8 1.395402e-03 3.561442e-03 1.440695e+00 1.518291e-03
9 1.120669e-03 3.142110e-03 1.419838e+00 1.233577e-03
10 9.126544e-04 2.805345e-03 1.405993e+00 1.014113e-03
11 7.537854e-04 2.496839e-03 1.396627e+00 8.480529e-04
12 6.304493e-04 2.224011e-03 1.390192e+00 7.169661e-04
13 5.307911e-04 1.989861e-03 1.385697e+00 6.126034e-04
14 4.529542e-04 1.770684e-03 1.382494e+00 5.298888e-04
15 3.912302e-04 1.577564e-03 1.380156e+00 4.637837e-04
16 3.426332e-04 1.407281e-03 1.378398e+00 4.112874e-04
17 3.038154e-04 1.264225e-03 1.377036e+00 3.691569e-04
18 2.726005e-04 1.125050e-03 1.375944e+00 3.379596e-04
19 2.493651e-04 1.009256e-03 1.375043e+00 3.119468e-04
20 2.309014e-04 9.131801e-04 1.374275e+00 2.908776e-04
21 2.163941e-04 8.599286e-04 1.373604e+00 2.742948e-04
22 2.052079e-04 8.376959e-04 1.373005e+00 2.613374e-04
23 1.961329e-04 8.181439e-04 1.372461e+00 2.503527e-04
24 1.891878e-04 7.992943e-04 1.371957e+00 2.410398e-04
25 1.826397e-04 7.857639e-04 1.371487e+00 2.344110e-04
26 1.783064e-04 7.681787e-04 1.371043e+00 2.278503e-04
27 1.744950e-04 7.512463e-04 1.370622e+00 2.220356e-04
28 1.705579e-04 7.393000e-04 1.370218e+00 2.181977e-04
29 1.683230e-04 7.207094e-04 1.369830e+00 2.134002e-04
30 1.655761e-04 7.072985e-04 1.369456e+00 2.097822e-04
31 1.632939e-04 6.936774e-04 1.369094e+00 2.066369e-04
32 1.604759e-04 6.876776e-04 1.368742e+00 2.041849e-04
33 1.591010e-04 6.706521e-04 1.368400e+00 2.010036e-04
34 1.570568e-04 6.625529e-04 1.368067e+00 1.989588e-04
35 1.557864e-04 6.502586e-04 1.367741e+00 1.964990e-04
36 1.538227e-04 6.451949e-04 1.367423e+00 1.947528e-04
37 1.522397e-04 6.374214e-04 1.367111e+00 1.929532e-04
38 1.508886e-04 6.278427e-04 1.366805e+00 1.912088e-04
39 1.495105e-04 6.201559e-04 1.366506e+00 1.895913e-04
40 1.482006e-04 6.121623e-04 1.366212e+00 1.881774e-04
41 1.471632e-04 6.024717e-04 1.365922e+00 1.866344e-04
42 1.457965e-04 5.974057e-04 1.365638e+00 1.854058e-04
43 1.449633e-04 5.865256e-04 1.365358e+00 1.837836e-04
44 1.437844e-04 5.799537e-04 1.365083e+00 1.827073e-04
45 1.431641e-04 5.677143e-04 1.364812e+00 1.812997e-04
46 1.420606e-04 5.611137e-04 1.364544e+00 1.801312e-04
47 1.411087e-04 5.538046e-04 1.364281e+00 1.790177e-04
48 1.400552e-04 5.469926e-04 1.364021e+00 1.779318e-04
49 1.392912e-04 5.382297e-04 1.363765e+00 1.770011e-04
50 1.383169e-04 5.326112e-04 1.363512e+00 1.760817e-04
51 1.373810e-04 5.257415e-04 1.363262e+00 1.750505e-04
52 1.369474e-04 5.237278e-04 1.363016e+00 1.735504e-04
53 1.358688e-04 5.226403e-04 1.362773e+00 1.728175e-04
54 1.351840e-04 5.267803e-04 1.362532e+00 1.722768e-04
55 1.345638e-04 5.231984e-04 1.362295e+00 1.710306e-04
56 1.334998e-04 5.232390e-04 1.362060e+00 1.701184e-04
57 1.328608e-04 5.210523e-04 1.361829e+00 1.690167e-04
58 1.318287e-04 5.186521e-04 1.361600e+00 1.684313e-04
59 1.312993e-04 5.169872e-04 1.361373e+00 1.673375e-04
60 1.309693e-04 5.185816e-04 1.361150e+00 1.663390e-04
61 1.303201e-04 5.141996e-04 1.360929e+00 1.653232e-04
62 1.293223e-04 5.102979e-04 1.360710e+00 1.644636e-04
63 1.286631e-04 5.074561e-04 1.360495e+00 1.636581e-04
64 1.279489e-04 5.071023e-04 1.360281e+00 1.627424e-04
65 1.273561e-04 5.040926e-04 1.360070e+00 1.618198e-04
66 1.266538e-04 4.985745e-04 1.359862e+00 1.608837e-04
67 1.259479e-04 4.990636e-04 1.359656e+00 1.602922e-04
68 1.256527e-04 4.955297e-04 1.359453e+00 1.591407e-04
69 1.248194e-04 4.906245e-04 1.359251e+00 1.584181e-04
70 1.242556e-04 4.892276e-04 1.359053e+00 1.575362e-04
71 1.236028e-04 4.853029e-04 1.358856e+00 1.567813e-04
72 1.227387e-04 4.820230e-04 1.358662e+00 1.560082e-04
73 1.221483e-04 4.742762e-04 1.358470e+00 1.549391e-04
74 1.217213e-04 4.707807e-04 1.358281e+00 1.541096e-04
75 1.210798e-04 4.674806e-04 1.358093e+00 1.531369e-04
76 1.204852e-04 4.648643e-04 1.357908e+00 1.526214e-04
77 1.199780e-04 4.579051e-04 1.357725e+00 1.515495e-04
78 1.195782e-04 4.558545e-04 1.357545e+00 1.507569e-04
79 1.185368e-04 4.508062e-04 1.357366e+00 1.502018e-04
80 1.180703e-04 4.434859e-04 1.357190e+00 1.491293e-04
81 1.176511e-04 4.412674e-04 1.357016e+00 1.484260e-04
82 1.170089e-04 4.366442e-04 1.356843e+00 1.476864e-04
