1 2.207634e-02 5.373499e-02 4.793617e+00 2.476579e-02
2 3.987498e-03 1.073509e-02 3.490987e+00 4.418243e-03
3 2.198063e-03 5.690314e-03 3.023930e+00 2.490146e-03
4 3.193304e-03 6.728614e-03 2.760534e+00 3.544726e-03
5 3.384027e-03 7.250662e-03 2.587333e+00 3.718803e-03
6 3.038438e-03 6.966296e-03 2.469993e+00 3.332958e-03
7 2.604348e-03 6.509330e-03 2.387754e+00 2.867525e-03
8 2.218179e-03 6.004569e-03 2.328228e+00 2.462246e-03
9 1.899328e-03 5.617308e-03 2.284116e+00 2.127223e-03
10 1.635615e-03 5.246192e-03 2.250934e+00 1.849628e-03
11 1.412846e-03 4.872350e-03 2.225657e+00 1.616069e-03
12 1.222021e-03 4.472601e-03 2.206122e+00 1.416744e-03
13 1.059264e-03 4.084946e-03 2.190789e+00 1.245229e-03
14 9.190710e-04 3.736264e-03 2.178569e+00 1.095259e-03
15 7.982509e-04 3.396078e-03 2.168681e+00 9.654164e-04
16 6.952331e-04 3.080238e-03 2.160545e+00 8.539255e-04
17 6.091353e-04 2.788227e-03 2.153718e+00 7.596439e-04
18 5.376464e-04 2.593070e-03 2.147867e+00 6.805788e-04
19 4.787443e-04 2.438175e-03 2.142744e+00 6.150753e-04
20 4.308736e-04 2.295122e-03 2.138170e+00 5.609779e-04
21 3.924223e-04 2.157819e-03 2.134013e+00 5.159795e-04
22 3.612144e-04 2.027302e-03 2.130181e+00 4.786291e-04
23 3.357995e-04 1.912502e-03 2.126604e+00 4.479915e-04
24 3.154023e-04 1.810818e-03 2.123233e+00 4.224857e-04
25 2.984664e-04 1.716512e-03 2.120028e+00 4.013818e-04
26 2.849574e-04 1.625555e-03 2.116964e+00 3.829794e-04
27 2.734479e-04 1.545358e-03 2.114019e+00 3.675527e-04
28 2.640145e-04 1.462659e-03 2.111178e+00 3.538542e-04
29 2.557087e-04 1.395682e-03 2.108428e+00 3.423699e-04
30 2.487660e-04 1.332792e-03 2.105756e+00 3.320799e-04
31 2.429806e-04 1.290223e-03 2.103152e+00 3.229726e-04
32 2.378034e-04 1.249193e-03 2.100606e+00 3.150395e-04
33 2.335271e-04 1.210850e-03 2.098112e+00 3.077819e-04
34 2.292888e-04 1.170993e-03 2.095663e+00 3.015463e-04
35 2.259955e-04 1.140302e-03 2.093257e+00 2.956546e-04
36 2.228043e-04 1.101586e-03 2.090895e+00 2.901799e-04
37 2.198125e-04 1.072418e-03 2.088577e+00 2.853026e-04
38 2.170480e-04 1.041466e-03 2.086303e+00 2.807399e-04
39 2.144310e-04 1.013296e-03 2.084074e+00 2.765707e-04
40 2.122163e-04 9.927690e-04 2.081889e+00 2.725150e-04
41 2.101017e-04 9.672809e-04 2.079746e+00 2.686679e-04
42 2.077242e-04 9.437074e-04 2.077646e+00 2.652900e-04
43 2.060435e-04 9.197915e-04 2.075585e+00 2.616539e-04
44 2.039857e-04 8.957423e-04 2.073564e+00 2.585252e-04
45 2.022627e-04 8.750534e-04 2.071581e+00 2.555109e-04
46 2.001459e-04 8.588285e-04 2.069634e+00 2.529840e-04
47 1.985674e-04 8.375804e-04 2.067724e+00 2.501783e-04
48 1.967654e-04 8.186158e-04 2.065848e+00 2.478968e-04
49 1.953816e-04 8.036582e-04 2.064005e+00 2.455430e-04
50 1.939017e-04 7.877948e-04 2.062193e+00 2.432818e-04
51 1.925152e-04 7.715371e-04 2.060409e+00 2.412290e-04
52 1.912967e-04 7.584918e-04 2.058653e+00 2.393592e-04
53 1.900045e-04 7.407857e-04 2.056921e+00 2.375551e-04
54 1.887642e-04 7.278439e-04 2.055213e+00 2.360017e-04
55 1.876098e-04 7.138057e-04 2.053530e+00 2.343782e-04
56 1.863840e-04 7.016734e-04 2.051871e+00 2.328921e-04
57 1.853350e-04 6.892963e-04 2.050236e+00 2.313060e-04
58 1.841294e-04 6.767038e-04 2.048626e+00 2.300963e-04
59 1.828362e-04 6.672794e-04 2.047039e+00 2.286158e-04
60 1.816825e-04 6.563454e-04 2.045473e+00 2.271369e-04
61 1.804375e-04 6.451204e-04 2.043929e+00 2.256666e-04
62 1.792587e-04 6.297786e-04 2.042405e+00 2.241999e-04
63 1.779959e-04 6.198734e-04 2.040900e+00 2.229127e-04
64 1.768741e-04 6.116757e-04 2.039414e+00 2.215727e-04
65 1.755226e-04 6.153493e-04 2.037946e+00 2.202164e-04
66 1.742490e-04 6.161979e-04 2.036497e+00 2.187628e-04
67 1.730191e-04 6.206973e-04 2.035065e+00 2.175316e-04
68 1.719042e-04 6.236022e-04 2.033650e+00 2.162626e-04
69 1.707091e-04 6.272996e-04 2.032252e+00 2.149782e-04
70 1.697380e-04 6.262661e-04 2.030871e+00 2.136837e-04
71 1.684357e-04 6.303739e-04 2.029506e+00 2.125790e-04
72 1.673181e-04 6.311797e-04 2.028155e+00 2.114942e-04
73 1.664094e-04 6.329202e-04 2.026820e+00 2.105055e-04
74 1.655790e-04 6.337052e-04 2.025498e+00 2.095256e-04
75 1.647767e-04 6.363073e-04 2.024189e+00 2.088100e-04
76 1.638169e-04 6.369758e-04 2.022891e+00 2.079304e-04
77 1.629345e-04 6.341508e-04 2.021606e+00 2.070968e-04
78 1.623296e-04 6.314248e-04 2.020330e+00 2.064376e-04
79 1.614563e-04 6.298774e-04 2.019064e+00 2.057651e-04
80 1.611974e-04 6.360000e-04 2.017806e+00 2.052982e-04
81 1.602944e-04 6.432024e-04 2.016557e+00 2.046392e-04
82 1.595741e-04 6.526065e-04 2.015314e+00 2.041993e-04
83 1.591296e-04 6.625198e-04 2.014078e+00 2.038975e-04
84 1.588055e-04 6.746494e-04 2.012847e+00 2.035986e-04
85 1.581409e-04 6.796010e-04 2.011620e+00 2.032409e-04
86 1.577435e-04 6.904499e-04 2.010397e+00 2.030755e-04
87 1.576201e-04 7.017713e-04 2.009176e+00 2.030115e-04
88 1.573789e-04 7.134324e-04 2.007957e+00 2.030457e-04
89 1.568822e-04 7.164273e-04 2.006737e+00 2.028525e-04
90 1.567213e-04 7.308395e-04 2.005517e+00 2.029717e-04
91 1.565405e-04 7.395910e-04 2.004294e+00 2.031468e-04
92 1.565109e-04 7.605520e-04 2.003068e+00 2.034027e-04
93 1.563044e-04 7.806592e-04 2.001838e+00 2.036546e-04
94 1.561345e-04 7.964476e-04 2.000606e+00 2.038038e-04
95 1.559953e-04 8.155546e-04 1.999373e+00 2.041786e-04
96 1.558772e-04 8.325707e-04 1.998140e+00 2.044936e-04
97 1.559294e-04 8.494552e-04 1.996909e+00 2.049898e-04
98 1.556892e-04 8.672845e-04 1.995680e+00 2.052486e-04
99 1.556842e-04 8.829820e-04 1.994451e+00 2.058635e-04
100 1.555217e-04 8.919177e-04 1.993224e+00 2.059640e-04
101 1.554429e-04 9.009537e-04 1.991998e+00 2.064745e-04
102 1.553479e-04 9.101415e-04 1.990775e+00 2.069518e-04
103 1.552946e-04 9.076572e-04 1.989553e+00 2.070073e-04
104 1.551894e-04 9.094956e-04 1.988333e+00 2.075890e-04
105 1.549197e-04 9.037451e-04 1.987115e+00 2.077434e-04
106 1.548534e-04 8.903115e-04 1.985898e+00 2.077595e-04
107 1.545917e-04 8.746206e-04 1.984683e+00 2.077012e-04
108 1.543158e-04 8.542275e-04 1.983469e+00 2.073018e-04
109 1.536965e-04 8.327419e-04 1.982255e+00 2.066766e-04
110 1.531722e-04 8.086941e-04 1.981042e+00 2.059977e-04
111 1.527866e-04 7.860575e-04 1.979829e+00 2.052971e-04
112 1.520304e-04 7.678667e-04 1.978616e+00 2.041371e-04
113 1.511621e-04 7.708311e-04 1.977403e+00 2.026657e-04
114 1.503087e-04 7.877407e-04 1.976188e+00 2.012609e-04
115 1.492710e-04 7.976744e-04 1.974974e+00 1.994211e-04
116 1.480318e-04 8.009129e-04 1.973762e+00 1.972833e-04
117 1.468414e-04 8.033486e-04 1.972553e+00 1.951131e-04
118 1.454866e-04 7.991314e-04 1.971347e+00 1.927684e-04
119 1.442425e-04 7.939059e-04 1.970145e+00 1.904137e-04
120 1.429574e-04 7.856894e-04 1.968945e+00 1.881169e-04
121 1.417217e-04 7.756511e-04 1.967745e+00 1.858372e-04
122 1.405545e-04 7.651378e-04 1.966542e+00 1.836897e-04
123 1.392820e-04 7.507617e-04 1.965336e+00 1.812900e-04
124 1.380481e-04 7.369107e-04 1.964121e+00 1.790697e-04
125 1.368732e-04 7.235193e-04 1.962896e+00 1.769125e-04
126 1.355461e-04 7.058281e-04 1.961658e+00 1.745708e-04
127 1.342353e-04 6.885731e-04 1.960405e+00 1.722271e-04
128 1.330557e-04 6.746201e-04 1.959139e+00 1.702397e-04
129 1.318210e-04 6.572536e-04 1.957862e+00 1.680368e-04
130 1.308073e-04 6.424309e-04 1.956578e+00 1.662268e-04
131 1.294561e-04 6.222654e-04 1.955288e+00 1.638321e-04
132 1.285078e-04 6.069547e-04 1.953997e+00 1.621157e-04
133 1.275251e-04 5.888966e-04 1.952704e+00 1.602964e-04
134 1.266589e-04 5.719496e-04 1.951411e+00 1.586669e-04
135 1.259256e-04 5.571522e-04 1.950119e+00 1.573846e-04
136 1.251615e-04 5.402084e-04 1.948827e+00 1.559731e-04
137 1.244829e-04 5.247587e-04 1.947535e+00 1.547235e-04
138 1.237196e-04 5.083956e-04 1.946243e+00 1.533620e-04
139 1.230355e-04 4.901620e-04 1.944951e+00 1.520614e-04
140 1.226833e-04 4.797630e-04 1.943658e+00 1.514125e-04
141 1.220526e-04 4.635103e-04 1.942365e+00 1.502920e-04
142 1.215884e-04 4.518905e-04 1.941069e+00 1.494618e-04
143 1.209700e-04 4.372784e-04 1.939772e+00 1.483431e-04
144 1.207459e-04 4.385105e-04 1.938472e+00 1.478600e-04
145 1.204065e-04 4.392209e-04 1.937169e+00 1.472313e-04
146 1.198032e-04 4.392357e-04 1.935863e+00 1.460610e-04
147 1.195921e-04 4.377266e-04 1.934554e+00 1.456095e-04
148 1.191414e-04 4.354171e-04 1.933241e+00 1.447677e-04
149 1.190527e-04 4.311981e-04 1.931924e+00 1.445178e-04
150 1.187261e-04 4.329217e-04 1.930603e+00 1.437857e-04
151 1.185280e-04 4.325471e-04 1.929277e+00 1.432917e-04
152 1.185013e-04 4.296988e-04 1.927946e+00 1.431481e-04
153 1.183473e-04 4.297737e-04 1.926609e+00 1.426264e-04
154 1.181787e-04 4.287847e-04 1.925266e+00 1.421936e-04
155 1.181628e-04 4.266624e-04 1.923916e+00 1.419552e-04
156 1.181443e-04 4.277893e-04 1.922557e+00 1.416866e-04
157 1.181689e-04 4.249103e-04 1.921191e+00 1.415643e-04
158 1.181449e-04 4.216434e-04 1.919815e+00 1.412214e-04
159 1.180347e-04 4.216395e-04 1.918430e+00 1.408360e-04
160 1.181556e-04 4.212413e-04 1.917035e+00 1.407173e-04
161 1.182976e-04 4.197919e-04 1.915630e+00 1.408376e-04
162 1.183846e-04 4.191597e-04 1.914213e+00 1.407113e-04
163 1.185117e-04 4.235267e-04 1.912785e+00 1.406302e-04
164 1.187637e-04 4.227860e-04 1.911345e+00 1.407360e-04
165 1.190744e-04 4.246685e-04 1.909893e+00 1.410309e-04
166 1.193258e-04 4.270416e-04 1.908428e+00 1.411701e-04
167 1.195876e-04 4.293919e-04 1.906950e+00 1.412104e-04
168 1.199282e-04 4.282825e-04 1.905460e+00 1.415208e-04
169 1.202705e-04 4.308632e-04 1.903957e+00 1.416627e-04
170 1.208075e-04 4.310390e-04 1.902440e+00 1.422315e-04
171 1.212285e-04 4.296133e-04 1.900910e+00 1.424219e-04
172 1.217091e-04 4.259582e-04 1.899367e+00 1.429148e-04
173 1.222738e-04 4.254241e-04 1.897810e+00 1.434725e-04
174 1.228081e-04 4.216515e-04 1.896238e+00 1.439175e-04
175 1.233670e-04 4.214551e-04 1.894652e+00 1.443686e-04
176 1.240328e-04 4.187954e-04 1.893051e+00 1.450502e-04
177 1.246700e-04 4.153678e-04 1.891434e+00 1.456712e-04
178 1.253363e-04 4.125794e-04 1.889801e+00 1.462746e-04
179 1.260627e-04 4.087307e-04 1.888152e+00 1.470419e-04
180 1.268760e-04 4.077308e-04 1.886486e+00 1.478746e-04
181 1.275667e-04 4.040481e-04 1.884802e+00 1.485970e-04
182 1.283645e-04 4.027093e-04 1.883102e+00 1.494003e-04
183 1.291909e-04 4.110826e-04 1.881384e+00 1.501992e-04
184 1.300617e-04 4.145270e-04 1.879650e+00 1.512199e-04
185 1.309488e-04 4.258512e-04 1.877898e+00 1.519998e-04
186 1.317614e-04 4.272197e-04 1.876128e+00 1.529668e-04
187 1.326304e-04 4.326748e-04 1.874338e+00 1.538744e-04
188 1.336215e-04 4.324515e-04 1.872527e+00 1.550580e-04
189 1.344663e-04 4.386641e-04 1.870694e+00 1.558622e-04
190 1.354347e-04 4.436206e-04 1.868839e+00 1.568400e-04
191 1.364039e-04 4.452866e-04 1.866965e+00 1.579187e-04
192 1.374530e-04 4.473564e-04 1.865076e+00 1.590439e-04
193 1.385715e-04 4.499632e-04 1.863169e+00 1.601919e-04
194 1.397618e-04 4.482028e-04 1.861239e+00 1.614795e-04
195 1.410719e-04 4.489587e-04 1.859276e+00 1.629074e-04
196 1.424746e-04 4.470855e-04 1.857256e+00 1.645605e-04
197 1.441379e-04 4.461566e-04 1.855126e+00 1.665113e-04
198 1.459096e-04 5.294356e-04 1.852764e+00 1.689109e-04
199 1.472334e-04 6.538692e-04 1.849990e+00 1.707846e-04
200 1.463525e-04 6.005349e-04 1.847163e+00 1.689944e-04
201 1.459634e-04 4.894505e-04 1.844695e+00 1.676063e-04
202 1.469688e-04 4.595402e-04 1.842469e+00 1.689673e-04
203 1.478803e-04 4.642228e-04 1.840347e+00 1.698130e-04
204 1.483626e-04 4.670127e-04 1.838302e+00 1.703380e-04
205 1.486673e-04 4.722814e-04 1.836324e+00 1.705612e-04
206 1.487805e-04 4.742386e-04 1.834404e+00 1.705156e-04
207 1.487256e-04 4.736120e-04 1.832540e+00 1.701544e-04
208 1.483638e-04 4.747399e-04 1.830725e+00 1.696395e-04
209 1.478630e-04 4.744143e-04 1.828958e+00 1.689210e-04
210 1.471782e-04 4.743449e-04 1.827237e+00 1.680586e-04
211 1.464004e-04 4.708832e-04 1.825558e+00 1.670750e-04
212 1.455338e-04 4.657423e-04 1.823919e+00 1.659500e-04
213 1.445739e-04 4.593477e-04 1.822318e+00 1.647766e-04
214 1.436024e-04 4.526248e-04 1.820753e+00 1.635423e-04
215 1.424758e-04 4.456380e-04 1.819221e+00 1.623513e-04
216 1.413391e-04 4.390053e-04 1.817720e+00 1.611290e-04
217 1.403178e-04 4.310521e-04 1.816247e+00 1.598314e-04
218 1.392393e-04 4.233006e-04 1.814801e+00 1.586325e-04
219 1.382836e-04 4.157017e-04 1.813378e+00 1.574267e-04
220 1.374582e-04 4.058372e-04 1.811978e+00 1.562488e-04
221 1.362552e-04 3.989406e-04 1.810600e+00 1.551674e-04
222 1.355609e-04 3.894084e-04 1.809243e+00 1.539759e-04
223 1.344112e-04 3.811121e-04 1.807907e+00 1.528776e-04
224 1.336243e-04 3.701491e-04 1.806590e+00 1.517159e-04
225 1.325894e-04 3.630103e-04 1.805291e+00 1.506127e-04
226 1.316442e-04 3.561455e-04 1.804011e+00 1.495226e-04
227 1.308180e-04 3.531976e-04 1.802748e+00 1.483990e-04
228 1.298698e-04 3.477168e-04 1.801503e+00 1.472668e-04
229 1.290744e-04 3.417861e-04 1.800275e+00 1.461853e-04
230 1.281230e-04 3.424263e-04 1.799069e+00 1.450382e-04
231 1.270654e-04 3.443912e-04 1.797884e+00 1.440030e-04
232 1.263146e-04 3.510853e-04 1.796723e+00 1.429082e-04
233 1.255356e-04 3.561405e-04 1.795582e+00 1.417438e-04
234 1.245969e-04 3.647530e-04 1.794459e+00 1.407723e-04
235 1.241393e-04 3.686124e-04 1.793346e+00 1.398162e-04
236 1.235324e-04 3.762173e-04 1.792235e+00 1.390866e-04
237 1.232812e-04 3.821127e-04 1.791116e+00 1.385172e-04
238 1.230141e-04 3.921180e-04 1.789974e+00 1.382413e-04
239 1.232764e-04 4.030214e-04 1.788765e+00 1.384680e-04
240 1.248659e-04 4.144965e-04 1.787350e+00 1.400251e-04
241 1.291206e-04 4.494991e-04 1.785319e+00 1.440922e-04
242 1.331740e-04 6.584431e-04 1.782456e+00 1.485916e-04
243 1.327544e-04 6.029730e-04 1.779655e+00 1.489501e-04
244 1.311802e-04 5.322938e-04 1.777472e+00 1.474713e-04
245 1.271044e-04 4.416945e-04 1.775863e+00 1.425866e-04
246 1.246105e-04 4.352699e-04 1.774489e+00 1.395224e-04
247 1.215920e-04 4.258641e-04 1.773231e+00 1.361290e-04
248 1.183108e-04 4.112459e-04 1.772041e+00 1.322784e-04
249 1.152561e-04 3.917740e-04 1.770897e+00 1.284116e-04
250 1.119903e-04 3.748876e-04 1.769786e+00 1.246137e-04
251 1.092361e-04 3.551222e-04 1.768701e+00 1.211429e-04
252 1.062362e-04 3.396516e-04 1.767637e+00 1.177410e-04
253 1.037828e-04 3.225588e-04 1.766592e+00 1.147675e-04
254 1.013807e-04 3.050490e-04 1.765563e+00 1.119685e-04
255 9.935658e-05 2.861391e-04 1.764550e+00 1.095401e-04
256 9.765707e-05 2.725438e-04 1.763551e+00 1.074807e-04
257 9.589996e-05 2.639547e-04 1.762565e+00 1.055100e-04
258 9.457245e-05 2.666981e-04 1.761590e+00 1.039595e-04
259 9.333076e-05 2.724836e-04 1.760626e+00 1.025543e-04
260 9.236445e-05 2.764600e-04 1.759671e+00 1.014407e-04
261 9.145505e-05 2.826989e-04 1.758721e+00 1.004924e-04
262 9.078826e-05 2.887127e-04 1.757773e+00 9.981979e-05
263 9.048363e-05 2.940052e-04 1.756817e+00 9.942877e-05
264 9.026138e-05 3.035275e-04 1.755835e+00 9.932452e-05
