662 361
163 440
61 481
97 408
172 1517
104 1008
356 1740
122 812
117 863
152 839
76 901
68 915
69 843
107 820
52 808
74 785
23 781
24 774
24 772
26 767
22 775
17 779
14 779
15 787
15 787
14 777
14 782
16 777
17 779
19 788
23 791
27 786
25 784
19 784
22 786
14 785
11 785
10 775
9 773
9 777
9 774
9 777
9 775
8 775
7 772
6 770
7 772
7 773
8 775
8 770
9 773
9 775
193 1440
53 1252
118 1135
111 1083
57 1174
46 1205
32 1172
26 1147
41 1100
27 1087
20 1069
22 1068
29 1080
40 1134
24 1151
31 1249
38 1296
24 1248
67 1215
43 1143
34 1160
37 1187
29 1187
19 1194
18 1207
14 1202
14 1189
23 1157
28 1133
16 1116
14 1115
13 1115
14 1127
15 1133
17 1139
20 1147
23 1152
23 1145
