3.709186e+00 1.004621e+00 7.118733e-01 9.981498e-01
2.027181e+00 1.087997e+00 7.770864e-01 9.779211e-01
2.009383e+00 1.062398e+00 7.536186e-01 9.812948e-01
1.601524e+00 1.027203e+00 8.424087e-01 9.893125e-01
3.514509e+00 1.366753e+00 3.209505e-01 9.194336e-01
1.416391e+00 1.038138e+00 8.396325e-01 9.868784e-01
1.132356e+00 1.005572e+00 8.439777e-01 9.948723e-01
1.390288e+00 1.034435e+00 8.413768e-01 9.871230e-01
1.189609e+00 1.008693e+00 8.688454e-01 9.933174e-01
1.149376e+00 1.004906e+00 8.691926e-01 9.942131e-01
1.151399e+00 1.005409e+00 8.426263e-01 9.940583e-01
1.132551e+00 1.005639e+00 8.159085e-01 9.942656e-01
1.124341e+00 1.005530e+00 8.472774e-01 9.944929e-01
1.120033e+00 1.005236e+00 9.024544e-01 9.947943e-01
1.115798e+00 1.005401e+00 9.181440e-01 9.952289e-01
1.100063e+00 1.004767e+00 9.274644e-01 9.957469e-01
1.095568e+00 1.004962e+00 9.209218e-01 9.959371e-01
1.099970e+00 1.004643e+00 9.394874e-01 9.962352e-01
1.108967e+00 1.004831e+00 9.478287e-01 9.962578e-01
1.134230e+00 1.005623e+00 9.442575e-01 9.959440e-01
1.165203e+00 1.006888e+00 9.279682e-01 9.954486e-01
1.183633e+00 1.007974e+00 9.200136e-01 9.951110e-01
1.187076e+00 1.008814e+00 9.194777e-01 9.951278e-01
1.181769e+00 1.009144e+00 9.230922e-01 9.948472e-01
1.170476e+00 1.008199e+00 9.238105e-01 9.951346e-01
1.156079e+00 1.006771e+00 9.248881e-01 9.956619e-01
1.140560e+00 1.005913e+00 9.277569e-01 9.960808e-01
1.124380e+00 1.005654e+00 9.311833e-01 9.963144e-01
1.109338e+00 1.005681e+00 9.336785e-01 9.963913e-01
1.103028e+00 1.005786e+00 9.343539e-01 9.964161e-01
1.094800e+00 1.005749e+00 9.330001e-01 9.964413e-01
1.086914e+00 1.005551e+00 9.300936e-01 9.965113e-01
1.086709e+00 1.005379e+00 9.266682e-01 9.965630e-01
1.088676e+00 1.005343e+00 9.236772e-01 9.965745e-01
1.088673e+00 1.005412e+00 9.224068e-01 9.965454e-01
1.090299e+00 1.005540e+00 9.229312e-01 9.965345e-01
1.091119e+00 1.005680e+00 9.238998e-01 9.965202e-01
1.091222e+00 1.005752e+00 9.246786e-01 9.965135e-01
1.091117e+00 1.005729e+00 9.252718e-01 9.965307e-01
1.090597e+00 1.005653e+00 9.261045e-01 9.965397e-01
1.089268e+00 1.005593e+00 9.273994e-01 9.965199e-01
1.087041e+00 1.005583e+00 9.291466e-01 9.964629e-01
1.084244e+00 1.005624e+00 9.311732e-01 9.963883e-01
1.091270e+00 1.005677e+00 9.332263e-01 9.963499e-01
1.095101e+00 1.005712e+00 9.351131e-01 9.963460e-01
1.095533e+00 1.005714e+00 9.366932e-01 9.963659e-01
1.092795e+00 1.005687e+00 9.378540e-01 9.964034e-01
1.088529e+00 1.005643e+00 9.385477e-01 9.964480e-01
1.088805e+00 1.005586e+00 9.385520e-01 9.964928e-01
1.088318e+00 1.005525e+00 9.382122e-01 9.965298e-01
1.090302e+00 1.005477e+00 9.372742e-01 9.965651e-01
1.094338e+00 1.005430e+00 9.355613e-01 9.965914e-01
2.098411e+00 1.082296e+00 6.536634e-01 9.763263e-01
1.446986e+00 1.038856e+00 7.363164e-01 9.873429e-01
1.362195e+00 1.010276e+00 8.187852e-01 9.935530e-01
1.321792e+00 1.005702e+00 8.262356e-01 9.929129e-01
1.361289e+00 1.006633e+00 8.225455e-01 9.927861e-01
1.475250e+00 1.006788e+00 8.181199e-01 9.932346e-01
1.513495e+00 1.006186e+00 8.161590e-01 9.939633e-01
1.360552e+00 1.005277e+00 8.162836e-01 9.948092e-01
1.211873e+00 1.004888e+00 8.170327e-01 9.954515e-01
1.195078e+00 1.004892e+00 8.192041e-01 9.958498e-01
1.204004e+00 1.005079e+00 8.232590e-01 9.955978e-01
1.209930e+00 1.005371e+00 8.279376e-01 9.953855e-01
1.210180e+00 1.006159e+00 8.347937e-01 9.951832e-01
1.208647e+00 1.007083e+00 8.333409e-01 9.949198e-01
1.223127e+00 1.008534e+00 8.208972e-01 9.942900e-01
1.292200e+00 1.010103e+00 8.329101e-01 9.936071e-01
1.383176e+00 1.011033e+00 8.202512e-01 9.932242e-01
1.522834e+00 1.011542e+00 8.128442e-01 9.932897e-01
1.550707e+00 1.011768e+00 8.082260e-01 9.936623e-01
1.479243e+00 1.012636e+00 7.955219e-01 9.937011e-01
1.408072e+00 1.013932e+00 7.647824e-01 9.936175e-01
1.371172e+00 1.016588e+00 7.517539e-01 9.928114e-01
1.376469e+00 1.020297e+00 7.418731e-01 9.918613e-01
1.398500e+00 1.023708e+00 7.369869e-01 9.911332e-01
1.408044e+00 1.024287e+00 7.372446e-01 9.910227e-01
1.400898e+00 1.022228e+00 7.424350e-01 9.915803e-01
1.372449e+00 1.018092e+00 7.528693e-01 9.923165e-01
1.353579e+00 1.013891e+00 7.679863e-01 9.933994e-01
1.361942e+00 1.010739e+00 7.900192e-01 9.944951e-01
1.362045e+00 1.009309e+00 8.088837e-01 9.952712e-01
1.351495e+00 1.008975e+00 8.092718e-01 9.954150e-01
1.336286e+00 1.009642e+00 8.115522e-01 9.952279e-01
1.325729e+00 1.010732e+00 8.133993e-01 9.949445e-01
1.325069e+00 1.011887e+00 7.773556e-01 9.946097e-01
1.333807e+00 1.012714e+00 7.734825e-01 9.943929e-01
1.347720e+00 1.013095e+00 7.732863e-01 9.943067e-01
1.361900e+00 1.013046e+00 7.745820e-01 9.943159e-01
1.372614e+00 1.012796e+00 7.766713e-01 9.943896e-01
