1 2.082967e-02 5.007504e-02 4.560647e+00 2.328238e-02
2 3.663242e-03 9.586800e-03 3.384273e+00 4.057165e-03
3 2.192698e-03 5.620461e-03 2.957953e+00 2.491927e-03
4 3.174225e-03 6.773248e-03 2.716375e+00 3.516004e-03
5 3.319113e-03 7.093316e-03 2.554958e+00 3.653932e-03
6 2.971880e-03 6.828537e-03 2.444023e+00 3.264835e-03
7 2.554516e-03 6.347473e-03 2.365473e+00 2.816365e-03
8 2.185784e-03 5.968829e-03 2.308103e+00 2.423708e-03
9 1.880179e-03 5.595547e-03 2.265211e+00 2.104015e-03
10 1.625957e-03 5.208940e-03 2.232658e+00 1.839739e-03
11 1.411706e-03 4.856850e-03 2.207657e+00 1.614892e-03
12 1.227906e-03 4.496378e-03 2.188198e+00 1.422237e-03
13 1.069465e-03 4.133963e-03 2.172827e+00 1.255721e-03
14 9.326145e-04 3.782393e-03 2.160509e+00 1.110878e-03
15 8.138663e-04 3.448412e-03 2.150496e+00 9.841732e-04
16 7.121086e-04 3.127756e-03 2.142231e+00 8.750729e-04
17 6.254430e-04 2.861650e-03 2.135288e+00 7.809255e-04
18 5.534698e-04 2.686911e-03 2.129340e+00 7.011716e-04
19 4.939112e-04 2.532476e-03 2.124144e+00 6.349287e-04
20 4.448200e-04 2.395756e-03 2.119515e+00 5.801038e-04
21 4.048004e-04 2.262411e-03 2.115321e+00 5.342508e-04
22 3.722396e-04 2.135109e-03 2.111465e+00 4.958446e-04
23 3.461907e-04 2.004088e-03 2.107875e+00 4.631063e-04
24 3.240630e-04 1.897450e-03 2.104499e+00 4.365702e-04
25 3.063688e-04 1.798056e-03 2.101296e+00 4.141044e-04
26 2.920481e-04 1.696443e-03 2.098238e+00 3.945446e-04
27 2.799780e-04 1.609272e-03 2.095300e+00 3.782162e-04
28 2.701283e-04 1.529678e-03 2.092463e+00 3.640851e-04
29 2.614690e-04 1.459134e-03 2.089712e+00 3.522231e-04
30 2.545387e-04 1.402823e-03 2.087035e+00 3.413859e-04
31 2.485052e-04 1.352941e-03 2.084421e+00 3.319273e-04
32 2.431082e-04 1.307977e-03 2.081862e+00 3.237760e-04
33 2.385683e-04 1.274412e-03 2.079353e+00 3.167478e-04
34 2.347740e-04 1.231405e-03 2.076889e+00 3.096995e-04
35 2.311693e-04 1.194086e-03 2.074467e+00 3.038009e-04
36 2.281750e-04 1.160388e-03 2.072085e+00 2.982672e-04
37 2.253648e-04 1.127117e-03 2.069742e+00 2.932862e-04
38 2.227981e-04 1.098095e-03 2.067436e+00 2.887703e-04
39 2.204004e-04 1.068950e-03 2.065169e+00 2.845103e-04
40 2.181008e-04 1.041285e-03 2.062941e+00 2.806030e-04
41 2.160487e-04 1.011244e-03 2.060753e+00 2.767411e-04
42 2.142199e-04 9.895898e-04 2.058604e+00 2.730721e-04
43 2.121527e-04 9.676383e-04 2.056496e+00 2.699277e-04
44 2.103111e-04 9.435051e-04 2.054426e+00 2.666960e-04
45 2.085312e-04 9.183754e-04 2.052395e+00 2.636988e-04
46 2.067711e-04 8.996767e-04 2.050401e+00 2.611293e-04
47 2.050864e-04 8.811823e-04 2.048445e+00 2.584140e-04
48 2.034460e-04 8.602583e-04 2.046525e+00 2.557917e-04
49 2.019032e-04 8.430138e-04 2.044639e+00 2.534016e-04
50 2.003760e-04 8.267667e-04 2.042785e+00 2.511997e-04
51 1.988919e-04 8.108900e-04 2.040963e+00 2.489825e-04
52 1.974646e-04 7.992002e-04 2.039168e+00 2.470979e-04
53 1.960113e-04 7.788239e-04 2.037399e+00 2.451336e-04
54 1.945015e-04 7.651843e-04 2.035653e+00 2.433183e-04
55 1.933099e-04 7.493236e-04 2.033929e+00 2.414847e-04
56 1.920460e-04 7.375496e-04 2.032225e+00 2.398350e-04
57 1.907389e-04 7.239454e-04 2.030539e+00 2.383897e-04
58 1.893668e-04 7.105815e-04 2.028872e+00 2.369086e-04
59 1.883146e-04 6.995189e-04 2.027223e+00 2.353778e-04
60 1.872090e-04 6.887016e-04 2.025594e+00 2.339875e-04
61 1.859780e-04 6.749595e-04 2.023986e+00 2.325268e-04
62 1.848228e-04 6.666440e-04 2.022400e+00 2.312289e-04
63 1.833770e-04 6.510943e-04 2.020835e+00 2.295434e-04
64 1.822230e-04 6.378685e-04 2.019291e+00 2.280942e-04
65 1.807274e-04 6.230773e-04 2.017768e+00 2.265062e-04
66 1.793859e-04 6.118701e-04 2.016264e+00 2.250389e-04
67 1.780887e-04 6.193149e-04 2.014781e+00 2.236674e-04
68 1.767204e-04 6.204693e-04 2.013316e+00 2.221570e-04
69 1.754609e-04 6.266101e-04 2.011870e+00 2.208564e-04
70 1.742608e-04 6.303167e-04 2.010441e+00 2.195343e-04
71 1.731316e-04 6.332310e-04 2.009030e+00 2.183310e-04
72 1.721469e-04 6.366329e-04 2.007634e+00 2.172778e-04
73 1.707902e-04 6.356140e-04 2.006254e+00 2.160376e-04
74 1.700564e-04 6.399208e-04 2.004888e+00 2.151782e-04
75 1.688538e-04 6.387048e-04 2.003536e+00 2.142123e-04
76 1.680506e-04 6.410302e-04 2.002195e+00 2.133881e-04
77 1.672759e-04 6.457262e-04 2.000865e+00 2.126397e-04
78 1.662504e-04 6.451786e-04 1.999544e+00 2.117652e-04
79 1.657808e-04 6.543527e-04 1.998232e+00 2.114216e-04
80 1.648642e-04 6.616452e-04 1.996927e+00 2.106873e-04
81 1.643282e-04 6.740930e-04 1.995627e+00 2.102162e-04
82 1.636811e-04 6.829884e-04 1.994333e+00 2.098047e-04
83 1.631801e-04 6.936984e-04 1.993043e+00 2.095218e-04
84 1.628564e-04 7.042354e-04 1.991759e+00 2.092944e-04
85 1.622801e-04 7.148416e-04 1.990482e+00 2.089068e-04
86 1.618866e-04 7.258655e-04 1.989212e+00 2.089050e-04
87 1.613819e-04 7.328599e-04 1.987949e+00 2.086036e-04
88 1.609851e-04 7.430700e-04 1.986693e+00 2.085175e-04
89 1.606572e-04 7.531180e-04 1.985441e+00 2.084681e-04
90 1.605309e-04 7.641560e-04 1.984192e+00 2.085602e-04
91 1.601807e-04 7.713702e-04 1.982944e+00 2.085209e-04
92 1.599380e-04 7.858184e-04 1.981697e+00 2.086296e-04
93 1.596235e-04 8.035430e-04 1.980449e+00 2.086966e-04
94 1.594782e-04 8.261528e-04 1.979199e+00 2.090508e-04
95 1.593459e-04 8.433518e-04 1.977946e+00 2.092085e-04
96 1.591844e-04 8.615857e-04 1.976691e+00 2.095556e-04
97 1.590567e-04 8.771914e-04 1.975433e+00 2.099119e-04
98 1.590694e-04 8.888932e-04 1.974173e+00 2.103539e-04
99 1.592079e-04 9.042330e-04 1.972910e+00 2.109479e-04
100 1.588758e-04 9.132495e-04 1.971645e+00 2.110923e-04
101 1.588971e-04 9.239288e-04 1.970378e+00 2.116085e-04
102 1.587564e-04 9.294703e-04 1.969110e+00 2.120016e-04
103 1.586957e-04 9.329495e-04 1.967842e+00 2.124147e-04
104 1.587368e-04 9.338050e-04 1.966574e+00 2.129887e-04
105 1.586612e-04 9.236180e-04 1.965306e+00 2.132429e-04
106 1.584326e-04 9.108908e-04 1.964039e+00 2.131627e-04
107 1.581575e-04 8.959861e-04 1.962771e+00 2.132302e-04
108 1.577737e-04 8.726685e-04 1.961499e+00 2.126831e-04
109 1.573455e-04 8.479732e-04 1.960224e+00 2.122269e-04
110 1.566473e-04 8.190330e-04 1.958944e+00 2.110726e-04
111 1.557872e-04 8.036383e-04 1.957662e+00 2.102064e-04
112 1.547880e-04 7.827472e-04 1.956381e+00 2.085205e-04
113 1.536866e-04 7.844890e-04 1.955102e+00 2.066027e-04
114 1.526845e-04 8.026452e-04 1.953826e+00 2.052305e-04
115 1.515058e-04 8.097085e-04 1.952554e+00 2.030756e-04
116 1.502370e-04 8.121404e-04 1.951285e+00 2.009076e-04
117 1.491870e-04 8.163157e-04 1.950017e+00 1.990833e-04
118 1.478897e-04 8.111860e-04 1.948747e+00 1.966810e-04
119 1.468289e-04 8.093672e-04 1.947474e+00 1.946664e-04
120 1.454027e-04 7.967860e-04 1.946193e+00 1.919451e-04
121 1.441370e-04 7.854144e-04 1.944903e+00 1.894976e-04
122 1.430838e-04 7.802927e-04 1.943600e+00 1.876292e-04
123 1.416350e-04 7.632687e-04 1.942282e+00 1.848876e-04
124 1.402963e-04 7.489663e-04 1.940950e+00 1.825890e-04
125 1.390884e-04 7.372227e-04 1.939606e+00 1.804914e-04
126 1.377765e-04 7.203581e-04 1.938255e+00 1.779462e-04
127 1.365549e-04 7.029736e-04 1.936898e+00 1.757014e-04
128 1.354691e-04 6.869229e-04 1.935539e+00 1.736339e-04
129 1.344530e-04 6.699488e-04 1.934179e+00 1.715992e-04
130 1.334881e-04 6.521233e-04 1.932820e+00 1.696759e-04
131 1.325204e-04 6.345600e-04 1.931463e+00 1.678468e-04
132 1.315703e-04 6.134940e-04 1.930106e+00 1.658841e-04
133 1.308680e-04 5.995984e-04 1.928751e+00 1.645152e-04
134 1.300437e-04 5.822058e-04 1.927397e+00 1.629500e-04
135 1.293506e-04 5.643365e-04 1.926043e+00 1.614440e-04
136 1.286306e-04 5.477589e-04 1.924689e+00 1.601076e-04
137 1.279987e-04 5.308884e-04 1.923334e+00 1.588599e-04
138 1.273104e-04 5.124149e-04 1.921978e+00 1.574412e-04
139 1.268637e-04 4.984406e-04 1.920620e+00 1.565657e-04
140 1.263077e-04 4.829992e-04 1.919261e+00 1.554705e-04
141 1.258742e-04 4.680441e-04 1.917900e+00 1.545070e-04
142 1.255664e-04 4.596458e-04 1.916536e+00 1.538780e-04
143 1.250153e-04 4.573084e-04 1.915170e+00 1.527368e-04
144 1.247200e-04 4.571275e-04 1.913802e+00 1.521332e-04
145 1.244486e-04 4.551011e-04 1.912431e+00 1.515282e-04
146 1.241499e-04 4.570884e-04 1.911057e+00 1.507198e-04
147 1.239265e-04 4.561888e-04 1.909679e+00 1.500843e-04
148 1.237772e-04 4.538288e-04 1.908296e+00 1.497039e-04
149 1.235769e-04 4.556926e-04 1.906907e+00 1.491708e-04
150 1.234237e-04 4.541235e-04 1.905511e+00 1.487155e-04
