1.698072e+00 1.052832e+00 5.842437e-03 9.723510e-01
1.639301e+00 1.049802e+00 1.251185e-02 9.785702e-01
1.624321e+00 1.049062e+00 1.364611e-02 9.790882e-01
1.626678e+00 1.043975e+00 9.814258e-03 9.812966e-01
1.605482e+00 1.039845e+00 1.305677e-02 9.826202e-01
1.568980e+00 1.035886e+00 1.232495e-02 9.838094e-01
1.528365e+00 1.029998e+00 2.115622e-02 9.852418e-01
1.464992e+00 1.023856e+00 1.351345e-02 9.874783e-01
1.373330e+00 1.019155e+00 7.670028e-03 9.887142e-01
1.278217e+00 1.015667e+00 6.088753e-03 9.893874e-01
1.220459e+00 1.013951e+00 6.699256e-02 9.897592e-01
1.219116e+00 1.013561e+00 6.014505e-01 9.897801e-01
1.215592e+00 1.013378e+00 5.980683e-01 9.899452e-01
