1 2.428807e+00 5.426586e+00 2.170504e-03 2.653202e+00
2 2.094992e+00 4.322057e+00 1.472001e-03 2.254853e+00
3 1.773411e+00 3.432531e+00 1.000905e-03 1.907435e+00
4 1.459615e+00 2.663740e+00 6.828905e-04 1.568302e+00
5 1.151030e+00 2.188492e+00 4.813441e-04 1.234679e+00
6 8.567790e-01 1.605403e+00 3.680063e-04 9.199935e-01
7 5.922610e-01 1.136318e+00 3.102707e-04 6.394591e-01
8 3.696351e-01 7.867430e-01 2.874846e-04 4.035545e-01
9 2.588416e-01 5.893064e-01 2.825917e-04 2.850014e-01
10 2.350295e-01 5.439370e-01 2.813505e-04 2.593450e-01
11 2.284479e-01 5.320849e-01 2.805522e-04 2.523014e-01
12 2.243075e-01 5.248739e-01 2.762707e-04 2.478617e-01
13 2.025361e-01 4.876083e-01 2.750452e-04 2.243316e-01
14 1.960726e-01 4.763408e-01 2.739988e-04 2.173132e-01
15 1.905161e-01 4.666560e-01 2.688679e-04 2.112959e-01
16 1.618322e-01 4.193328e-01 2.675345e-04 1.804203e-01
17 1.541370e-01 4.063680e-01 2.646610e-04 1.721651e-01
18 1.367112e-01 3.766059e-01 2.637897e-04 1.534724e-01
19 1.311268e-01 3.666455e-01 2.632263e-04 1.474466e-01
20 1.275121e-01 3.601592e-01 2.616338e-04 1.435515e-01
21 1.174157e-01 3.421606e-01 2.594529e-04 1.327742e-01
22 1.029626e-01 3.154744e-01 2.582477e-04 1.173622e-01
23 9.485891e-02 2.996357e-01 2.549650e-04 1.087486e-01
24 7.089508e-02 2.526041e-01 2.527860e-04 8.340785e-02
25 5.483477e-02 2.223639e-01 2.517375e-04 6.664944e-02
26 4.777622e-02 2.057232e-01 2.504098e-04 5.928581e-02
27 3.933407e-02 1.846847e-01 2.493933e-04 5.047102e-02
28 3.372897e-02 1.710729e-01 2.485841e-04 4.457733e-02
29 3.002620e-02 1.592161e-01 2.479112e-04 4.056879e-02
30 2.750037e-02 1.489638e-01 2.473449e-04 3.774495e-02
31 2.571225e-02 1.401395e-01 2.468501e-04 3.565563e-02
32 2.437019e-02 1.322013e-01 2.464147e-04 3.403647e-02
33 2.331571e-02 1.289278e-01 2.461911e-04 3.272554e-02
34 2.276555e-02 1.321656e-01 2.460920e-04 3.206404e-02
35 2.250458e-02 1.336318e-01 2.457366e-04 3.176122e-02
36 2.175690e-02 1.416149e-01 2.454141e-04 3.078523e-02
37 2.103260e-02 1.458572e-01 2.451194e-04 2.984162e-02
38 2.032706e-02 1.457817e-01 2.448490e-04 2.889117e-02
39 1.961658e-02 1.415397e-01 2.446005e-04 2.790533e-02
40 1.890175e-02 1.347429e-01 2.443717e-04 2.691391e-02
41 1.820383e-02 1.266679e-01 2.441606e-04 2.595751e-02
42 1.750035e-02 1.181106e-01 2.440100e-04 2.501125e-02
43 1.701527e-02 1.114889e-01 2.438250e-04 2.437020e-02
44 1.639408e-02 1.084340e-01 2.437247e-04 2.355817e-02
45 1.615515e-02 1.081253e-01 2.436725e-04 2.326038e-02
46 1.596506e-02 1.078506e-01 2.435108e-04 2.301533e-02
47 1.542476e-02 1.078836e-01 2.433566e-04 2.232527e-02
48 1.484625e-02 1.071536e-01 2.432901e-04 2.159368e-02
49 1.464659e-02 1.068295e-01 2.431485e-04 2.135794e-02
50 1.416478e-02 1.062729e-01 2.430906e-04 2.077757e-02
51 1.399687e-02 1.059049e-01 2.429594e-04 2.058853e-02
52 1.356084e-02 1.051282e-01 2.429088e-04 2.007978e-02
53 1.342319e-02 1.047998e-01 2.427861e-04 1.993367e-02
54 1.303086e-02 1.040828e-01 2.427399e-04 1.949114e-02
55 1.291182e-02 1.037201e-01 2.426245e-04 1.937224e-02
56 1.255600e-02 1.047222e-01 2.425816e-04 1.898423e-02
57 1.245199e-02 1.060328e-01 2.424726e-04 1.888825e-02
58 1.212931e-02 1.097389e-01 2.424320e-04 1.855247e-02
59 1.203661e-02 1.111608e-01 2.423285e-04 1.847522e-02
60 1.174383e-02 1.151480e-01 2.422898e-04 1.818691e-02
61 1.166020e-02 1.166467e-01 2.421912e-04 1.812378e-02
62 1.139328e-02 1.207907e-01 2.421537e-04 1.787414e-02
63 1.131664e-02 1.223980e-01 2.420595e-04 1.782309e-02
64 1.107070e-02 1.264685e-01 2.420230e-04 1.760108e-02
65 1.099835e-02 1.280219e-01 2.419326e-04 1.755461e-02
66 1.077107e-02 1.318195e-01 2.418968e-04 1.735351e-02
67 1.070250e-02 1.332537e-01 2.418100e-04 1.731009e-02
68 1.049299e-02 1.363619e-01 2.417744e-04 1.712249e-02
69 1.042831e-02 1.375140e-01 2.416909e-04 1.707923e-02
70 1.024985e-02 1.396198e-01 2.416553e-04 1.691778e-02
71 1.021578e-02 1.403310e-01 2.415741e-04 1.691442e-02
72 1.005509e-02 1.410133e-01 2.415381e-04 1.677541e-02
73 9.994789e-03 1.410580e-01 2.414601e-04 1.672859e-02
74 9.808497e-03 1.393168e-01 2.414237e-04 1.651896e-02
75 9.714570e-03 1.381609e-01 2.413494e-04 1.639065e-02
76 9.522705e-03 1.345175e-01 2.413130e-04 1.612814e-02
77 9.451543e-03 1.328387e-01 2.412422e-04 1.603265e-02
78 9.292635e-03 1.284670e-01 2.412056e-04 1.580734e-02
79 9.226317e-03 1.262769e-01 2.411382e-04 1.570814e-02
80 9.080508e-03 1.210667e-01 2.411014e-04 1.548425e-02
81 9.013225e-03 1.185291e-01 2.410373e-04 1.537589e-02
82 8.877670e-03 1.129763e-01 2.410004e-04 1.515418e-02
83 8.812027e-03 1.100474e-01 2.409397e-04 1.504075e-02
84 8.685948e-03 1.051047e-01 2.409023e-04 1.482243e-02
85 8.619665e-03 1.053089e-01 2.408448e-04 1.470367e-02
86 8.500907e-03 1.052678e-01 2.408066e-04 1.449498e-02
87 8.433320e-03 1.054651e-01 2.407522e-04 1.437522e-02
88 8.320729e-03 1.053383e-01 2.407123e-04 1.417998e-02
89 8.248391e-03 1.054315e-01 2.406608e-04 1.405706e-02
90 8.140491e-03 1.051425e-01 2.406177e-04 1.388079e-02
91 8.059474e-03 1.051694e-01 2.405688e-04 1.375693e-02
92 7.952205e-03 1.047235e-01 2.405211e-04 1.360423e-02
93 7.876563e-03 1.044574e-01 2.404745e-04 1.349349e-02
94 7.774949e-03 1.037685e-01 2.404290e-04 1.334248e-02
95 7.689220e-03 1.030265e-01 2.403845e-04 1.322623e-02
96 7.602156e-03 1.021095e-01 2.403411e-04 1.311326e-02
97 7.517052e-03 1.009014e-01 2.402985e-04 1.300601e-02
98 7.432092e-03 9.947769e-02 2.402568e-04 1.290054e-02
99 7.346607e-03 9.786535e-02 2.402160e-04 1.279287e-02
100 7.260264e-03 9.599777e-02 2.401761e-04 1.267802e-02
101 7.173420e-03 9.379023e-02 2.401370e-04 1.255549e-02
102 7.086461e-03 9.137205e-02 2.400988e-04 1.242510e-02
103 6.998703e-03 8.887076e-02 2.400616e-04 1.228575e-02
104 6.910088e-03 8.614416e-02 2.400253e-04 1.213808e-02
105 6.818748e-03 8.344011e-02 2.399901e-04 1.198059e-02
106 6.723141e-03 8.053781e-02 2.399558e-04 1.181261e-02
107 6.638733e-03 8.058269e-02 2.399226e-04 1.163153e-02
108 6.551287e-03 8.171657e-02 2.398907e-04 1.143636e-02
109 6.462622e-03 8.256159e-02 2.398599e-04 1.123478e-02
110 6.372452e-03 8.291076e-02 2.398304e-04 1.102270e-02
111 6.281730e-03 8.277530e-02 2.398021e-04 1.080262e-02
112 6.192115e-03 8.217708e-02 2.397750e-04 1.057681e-02
113 6.103276e-03 8.114630e-02 2.397492e-04 1.034613e-02
114 6.015802e-03 7.981162e-02 2.397244e-04 1.011266e-02
115 5.953996e-03 7.768332e-02 2.397006e-04 9.882269e-03
116 5.872286e-03 7.563114e-02 2.396842e-04 9.648407e-03
117 5.794735e-03 7.417001e-02 2.396624e-04 9.465088e-03
118 5.695944e-03 7.226481e-02 2.396416e-04 9.228750e-03
119 5.604250e-03 7.005134e-02 2.396217e-04 9.006047e-03
120 5.517726e-03 6.787620e-02 2.396028e-04 8.795292e-03
121 5.434901e-03 6.561022e-02 2.395846e-04 8.595142e-03
122 5.356090e-03 6.327911e-02 2.395672e-04 8.404973e-03
123 5.283742e-03 6.089332e-02 2.395504e-04 8.227520e-03
124 5.203202e-03 5.864621e-02 2.395344e-04 8.052294e-03
125 5.122077e-03 5.646143e-02 2.395189e-04 7.871163e-03
126 5.039160e-03 5.412395e-02 2.395041e-04 7.675582e-03
127 4.958482e-03 5.181608e-02 2.394897e-04 7.496331e-03
128 4.886941e-03 4.964077e-02 2.394759e-04 7.346639e-03
129 4.822093e-03 4.755653e-02 2.394626e-04 7.203859e-03
130 4.756347e-03 4.557264e-02 2.394497e-04 7.066307e-03
131 4.690416e-03 4.370130e-02 2.394372e-04 6.939590e-03
132 4.620487e-03 4.188827e-02 2.394250e-04 6.817977e-03
133 4.613287e-03 4.013357e-02 2.394191e-04 6.782262e-03
134 4.554310e-03 3.952357e-02 2.394074e-04 6.683165e-03
135 4.489384e-03 3.809105e-02 2.393961e-04 6.573513e-03
136 4.422921e-03 3.666417e-02 2.393853e-04 6.470477e-03
137 4.358331e-03 3.531027e-02 2.393746e-04 6.372936e-03
138 4.351939e-03 3.381724e-02 2.393691e-04 6.359942e-03
139 4.292544e-03 3.335630e-02 2.393586e-04 6.268755e-03
140 4.232600e-03 3.223729e-02 2.393485e-04 6.176420e-03
141 4.177317e-03 3.111484e-02 2.393387e-04 6.094568e-03
142 4.123035e-03 3.009030e-02 2.393293e-04 6.017310e-03
143 4.068298e-03 2.908578e-02 2.393201e-04 5.941388e-03
144 4.015615e-03 2.812331e-02 2.393111e-04 5.869938e-03
145 3.964563e-03 2.721999e-02 2.393023e-04 5.802325e-03
146 3.914936e-03 2.636524e-02 2.392938e-04 5.737929e-03
147 3.866489e-03 2.555192e-02 2.392855e-04 5.676592e-03
148 3.819163e-03 2.477239e-02 2.392773e-04 5.617758e-03
149 3.772978e-03 2.403138e-02 2.392693e-04 5.561540e-03
150 3.727967e-03 2.376810e-02 2.392615e-04 5.507872e-03
151 3.684064e-03 2.366153e-02 2.392539e-04 5.456538e-03
152 3.641320e-03 2.354962e-02 2.392464e-04 5.407973e-03
153 3.598950e-03 2.343267e-02 2.392391e-04 5.360408e-03
154 3.556466e-03 2.331105e-02 2.392317e-04 5.310941e-03
155 3.559071e-03 2.317464e-02 2.392288e-04 5.305881e-03
156 3.508056e-03 2.313754e-02 2.392216e-04 5.254144e-03
157 3.465061e-03 2.300677e-02 2.392147e-04 5.209816e-03
158 3.426277e-03 2.287050e-02 2.392080e-04 5.168302e-03
159 3.388806e-03 2.272960e-02 2.392014e-04 5.127506e-03
160 3.351821e-03 2.258446e-02 2.391949e-04 5.087372e-03
161 3.315303e-03 2.243596e-02 2.391885e-04 5.047857e-03
162 3.279275e-03 2.228362e-02 2.391823e-04 5.008883e-03
163 3.243849e-03 2.212725e-02 2.391762e-04 4.970668e-03
164 3.209031e-03 2.196739e-02 2.391701e-04 4.933321e-03
165 3.174876e-03 2.180440e-02 2.391642e-04 4.896905e-03
166 3.141370e-03 2.163800e-02 2.391584e-04 4.861393e-03
167 3.108588e-03 2.146837e-02 2.391526e-04 4.826916e-03
168 3.076556e-03 2.129516e-02 2.391470e-04 4.793602e-03
169 3.045323e-03 2.111858e-02 2.391414e-04 4.761512e-03
170 3.014926e-03 2.093888e-02 2.391360e-04 4.730737e-03
171 2.985050e-03 2.077538e-02 2.391306e-04 4.700506e-03
172 2.955684e-03 2.075390e-02 2.391253e-04 4.668905e-03
173 2.926305e-03 2.072588e-02 2.391201e-04 4.635493e-03
174 2.896761e-03 2.069214e-02 2.391150e-04 4.599783e-03
175 2.866921e-03 2.066709e-02 2.391099e-04 4.563557e-03
176 2.837281e-03 2.063744e-02 2.391049e-04 4.527595e-03
177 2.808041e-03 2.060321e-02 2.391001e-04 4.492263e-03
178 2.779471e-03 2.056453e-02 2.390953e-04 4.457922e-03
179 2.752549e-03 2.052145e-02 2.390905e-04 4.424907e-03
180 2.727339e-03 2.047433e-02 2.390858e-04 4.393987e-03
181 2.699508e-03 2.041873e-02 2.390812e-04 4.361320e-03
182 2.670689e-03 2.035520e-02 2.390767e-04 4.327875e-03
183 2.641115e-03 2.028575e-02 2.390723e-04 4.293858e-03
184 2.611996e-03 2.021145e-02 2.390679e-04 4.260006e-03
185 2.583400e-03 2.013186e-02 2.390637e-04 4.226328e-03
186 2.555256e-03 2.004642e-02 2.390594e-04 4.192690e-03
187 2.527499e-03 1.995494e-02 2.390553e-04 4.159044e-03
188 2.499987e-03 1.985734e-02 2.390512e-04 4.125327e-03
189 2.472923e-03 1.975403e-02 2.390472e-04 4.091554e-03
190 2.446266e-03 1.964449e-02 2.390432e-04 4.057441e-03
191 2.420078e-03 1.952743e-02 2.390394e-04 4.022929e-03
192 2.394023e-03 1.940216e-02 2.390356e-04 3.987880e-03
193 2.368115e-03 1.926831e-02 2.390318e-04 3.952259e-03
194 2.342265e-03 1.912569e-02 2.390281e-04 3.916018e-03
195 2.316395e-03 1.897414e-02 2.390245e-04 3.879056e-03
196 2.290476e-03 1.881352e-02 2.390210e-04 3.841329e-03
197 2.264618e-03 1.865201e-02 2.390175e-04 3.802890e-03
198 2.239002e-03 1.848680e-02 2.390141e-04 3.763810e-03
199 2.213474e-03 1.831307e-02 2.390108e-04 3.724033e-03
200 2.188001e-03 1.813123e-02 2.390076e-04 3.683576e-03
201 2.162602e-03 1.794117e-02 2.390044e-04 3.642389e-03
202 2.137037e-03 1.774272e-02 2.390013e-04 3.600263e-03
203 2.111405e-03 1.753646e-02 2.389983e-04 3.557349e-03
204 2.085340e-03 1.732213e-02 2.389953e-04 3.513295e-03
205 2.058996e-03 1.710002e-02 2.389924e-04 3.468237e-03
206 2.032497e-03 1.687050e-02 2.389896e-04 3.422267e-03
207 2.005866e-03 1.663387e-02 2.389869e-04 3.375390e-03
208 1.979097e-03 1.639067e-02 2.389842e-04 3.327736e-03
209 1.952315e-03 1.614163e-02 2.389817e-04 3.279453e-03
210 1.925572e-03 1.588695e-02 2.389791e-04 3.230578e-03
211 1.898861e-03 1.562717e-02 2.389767e-04 3.181177e-03
212 1.872238e-03 1.536276e-02 2.389744e-04 3.131339e-03
213 1.845673e-03 1.509415e-02 2.389721e-04 3.081098e-03
214 1.819203e-03 1.482200e-02 2.389698e-04 3.030584e-03
215 1.792836e-03 1.454681e-02 2.389677e-04 2.979858e-03
216 1.766604e-03 1.426938e-02 2.389656e-04 2.929024e-03
217 1.740484e-03 1.399018e-02 2.389636e-04 2.878121e-03
218 1.714494e-03 1.370969e-02 2.389616e-04 2.827228e-03
219 1.688653e-03 1.342828e-02 2.389598e-04 2.776390e-03
220 1.662970e-03 1.314658e-02 2.389579e-04 2.725682e-03
221 1.637459e-03 1.286506e-02 2.389562e-04 2.675170e-03
222 1.612138e-03 1.258928e-02 2.389545e-04 2.624954e-03
223 1.587009e-03 1.231516e-02 2.389528e-04 2.575074e-03
224 1.562101e-03 1.204228e-02 2.389512e-04 2.525626e-03
225 1.537424e-03 1.177099e-02 2.389497e-04 2.476653e-03
226 1.513005e-03 1.150177e-02 2.389482e-04 2.428225e-03
227 1.488835e-03 1.123488e-02 2.389468e-04 2.380384e-03
228 1.464930e-03 1.097070e-02 2.389454e-04 2.333172e-03
229 1.441299e-03 1.070957e-02 2.389441e-04 2.286629e-03
230 1.417948e-03 1.045173e-02 2.389428e-04 2.240788e-03
231 1.394889e-03 1.019752e-02 2.389415e-04 2.195696e-03
232 1.372125e-03 9.947201e-03 2.389403e-04 2.151366e-03
233 1.349653e-03 9.701076e-03 2.389392e-04 2.107800e-03
234 1.327472e-03 9.459681e-03 2.389380e-04 2.064975e-03
235 1.305665e-03 9.224498e-03 2.389369e-04 2.022823e-03
236 1.286382e-03 9.006012e-03 2.389358e-04 1.981472e-03
237 1.279466e-03 8.842277e-03 2.389347e-04 1.948454e-03
238 1.247510e-03 8.598729e-03 2.389337e-04 1.905346e-03
239 1.223283e-03 8.363119e-03 2.389327e-04 1.865932e-03
240 1.202233e-03 8.138420e-03 2.389318e-04 1.828518e-03
241 1.182397e-03 7.920136e-03 2.389309e-04 1.792150e-03
242 1.163187e-03 7.707788e-03 2.389300e-04 1.756727e-03
243 1.144342e-03 7.501189e-03 2.389291e-04 1.722167e-03
244 1.125827e-03 7.300161e-03 2.389283e-04 1.688481e-03
245 1.107614e-03 7.104445e-03 2.389275e-04 1.655655e-03
246 1.089725e-03 6.913905e-03 2.389267e-04 1.623703e-03
247 1.072156e-03 6.728307e-03 2.389260e-04 1.592619e-03
248 1.054916e-03 6.547495e-03 2.389253e-04 1.562402e-03
249 1.037995e-03 6.371393e-03 2.389246e-04 1.533038e-03
250 1.021378e-03 6.199923e-03 2.389239e-04 1.504505e-03
251 1.005094e-03 6.032902e-03 2.389232e-04 1.476810e-03
252 9.891404e-04 5.870245e-03 2.389225e-04 1.449948e-03
253 9.735490e-04 5.711709e-03 2.389219e-04 1.423930e-03
254 9.582554e-04 5.557327e-03 2.389213e-04 1.398700e-03
255 9.433057e-04 5.407048e-03 2.389207e-04 1.374278e-03
256 9.286323e-04 5.260720e-03 2.389201e-04 1.350611e-03
257 9.142232e-04 5.118353e-03 2.389195e-04 1.327674e-03
258 9.001357e-04 4.979715e-03 2.389189e-04 1.305494e-03
259 8.863502e-04 4.844733e-03 2.389183e-04 1.284048e-03
260 8.729000e-04 4.713351e-03 2.389178e-04 1.263349e-03
261 8.597228e-04 4.585434e-03 2.389173e-04 1.243345e-03
262 8.468225e-04 4.460906e-03 2.389167e-04 1.224026e-03
263 8.342041e-04 4.339686e-03 2.389162e-04 1.205386e-03
264 8.218668e-04 4.221683e-03 2.389157e-04 1.187411e-03
265 8.098087e-04 4.230092e-03 2.389152e-04 1.170089e-03
266 7.980278e-04 4.260892e-03 2.389147e-04 1.153406e-03
267 7.865237e-04 4.291621e-03 2.389142e-04 1.137350e-03
268 7.752964e-04 4.322259e-03 2.389137e-04 1.121913e-03
269 7.643470e-04 4.352766e-03 2.389133e-04 1.107085e-03
270 7.536771e-04 4.383067e-03 2.389128e-04 1.092853e-03
271 7.432880e-04 4.413077e-03 2.389123e-04 1.079206e-03
272 7.331820e-04 4.442695e-03 2.389119e-04 1.066133e-03
273 7.233668e-04 4.471807e-03 2.389114e-04 1.053627e-03
274 7.139418e-04 4.500415e-03 2.389110e-04 1.041749e-03
275 7.053062e-04 4.528321e-03 2.389105e-04 1.030777e-03
276 6.975908e-04 4.555392e-03 2.389101e-04 1.020898e-03
277 6.914138e-04 4.581439e-03 2.389096e-04 1.012797e-03
278 6.898683e-04 4.605911e-03 2.389092e-04 1.010419e-03
279 6.973939e-04 4.627871e-03 2.389088e-04 1.024107e-03
280 7.000442e-04 4.648756e-03 2.389083e-04 1.034513e-03
281 6.900749e-04 4.670838e-03 2.389078e-04 1.018160e-03
282 6.750541e-04 4.693651e-03 2.389074e-04 9.958566e-04
283 6.597886e-04 4.716034e-03 2.389070e-04 9.771908e-04
284 6.462445e-04 4.737340e-03 2.389066e-04 9.624410e-04
1 3.160916e-01 7.572418e-01 2.387208e-04 3.479408e-01
2 3.072718e-01 7.454732e-01 2.383510e-04 3.386283e-01
3 2.915619e-01 7.237874e-01 2.377015e-04 3.218293e-01
4 2.621263e-01 6.829889e-01 2.372590e-04 2.903254e-01
5 2.396322e-01 6.519254e-01 2.370682e-04 2.663717e-01
6 2.274679e-01 6.370412e-01 2.368320e-04 2.537206e-01
7 2.150920e-01 6.187609e-01 2.365607e-04 2.404756e-01
8 1.997967e-01 5.954777e-01 2.363468e-04 2.240962e-01
9 1.866326e-01 5.763291e-01 2.362044e-04 2.099500e-01
10 1.782958e-01 5.637033e-01 2.359660e-04 2.009669e-01
11 1.641318e-01 5.418067e-01 2.357157e-04 1.857954e-01
12 1.493668e-01 5.182010e-01 2.354972e-04 1.699435e-01
13 1.360015e-01 4.966695e-01 2.353490e-04 1.556061e-01
14 1.268869e-01 4.814282e-01 2.351716e-04 1.458048e-01
15 1.158483e-01 4.621616e-01 2.350265e-04 1.339468e-01
16 1.069288e-01 4.450451e-01 2.348903e-04 1.243142e-01
17 9.846047e-02 4.283216e-01 2.346710e-04 1.151913e-01
18 8.523864e-02 4.026098e-01 2.344041e-04 1.010146e-01
19 7.000576e-02 3.692610e-01 2.341916e-04 8.460657e-02
20 5.935141e-02 3.410306e-01 2.341131e-04 7.294507e-02
21 5.587172e-02 3.300486e-01 2.339979e-04 6.901816e-02
22 5.149567e-02 3.160496e-01 2.337633e-04 6.413966e-02
23 4.374504e-02 2.876941e-01 2.335039e-04 5.546095e-02
24 3.773250e-02 2.576232e-01 2.332091e-04 4.833442e-02
25 3.326825e-02 2.246007e-01 2.330656e-04 4.246247e-02
26 3.192771e-02 2.109730e-01 2.328300e-04 4.052821e-02
27 3.006890e-02 1.880765e-01 2.325990e-04 3.770316e-02
28 2.873369e-02 1.677602e-01 2.323813e-04 3.554866e-02
29 2.775297e-02 1.504931e-01 2.321736e-04 3.391434e-02
30 2.697476e-02 1.357361e-01 2.319741e-04 3.261333e-02
31 2.632885e-02 1.230738e-01 2.317812e-04 3.154717e-02
32 2.577841e-02 1.121598e-01 2.316614e-04 3.065869e-02
33 2.546756e-02 1.061915e-01 2.314778e-04 3.016866e-02
34 2.500735e-02 9.750129e-02 2.312994e-04 2.946263e-02
35 2.459622e-02 9.000878e-02 2.311254e-04 2.884894e-02
36 2.422568e-02 8.344780e-02 2.309557e-04 2.830862e-02
37 2.388818e-02 7.769089e-02 2.307898e-04 2.782766e-02
38 2.357705e-02 7.261864e-02 2.306276e-04 2.739380e-02
39 2.328691e-02 6.812779e-02 2.304688e-04 2.699686e-02
40 2.301377e-02 6.778211e-02 2.303133e-04 2.662955e-02
41 2.275487e-02 6.774620e-02 2.301608e-04 2.628697e-02
42 2.250986e-02 6.769179e-02 2.300114e-04 2.596766e-02
43 2.227807e-02 6.762685e-02 2.298648e-04 2.566992e-02
44 2.205138e-02 6.750330e-02 2.297210e-04 2.538351e-02
45 2.182795e-02 6.730242e-02 2.295799e-04 2.510458e-02
46 2.160834e-02 6.713493e-02 2.294448e-04 2.483195e-02
47 2.139935e-02 6.693437e-02 2.293089e-04 2.457426e-02
48 2.119859e-02 6.675226e-02 2.291755e-04 2.433162e-02
49 2.100101e-02 6.653558e-02 2.290446e-04 2.409569e-02
50 2.080948e-02 6.629558e-02 2.289161e-04 2.386903e-02
51 2.062552e-02 6.603886e-02 2.287899e-04 2.365337e-02
52 2.044951e-02 6.576597e-02 2.286660e-04 2.344870e-02
53 2.028475e-02 6.549791e-02 2.285441e-04 2.325903e-02
54 2.012198e-02 6.515583e-02 2.284243e-04 2.307340e-02
55 1.991006e-02 6.398688e-02 2.283286e-04 2.278839e-02
56 1.971395e-02 6.255955e-02 2.282895e-04 2.254048e-02
57 1.953235e-02 6.046827e-02 2.281749e-04 2.227692e-02
58 1.932597e-02 5.897999e-02 2.280630e-04 2.201896e-02
59 1.915426e-02 5.777884e-02 2.279535e-04 2.180941e-02
60 1.902445e-02 5.718599e-02 2.279042e-04 2.167102e-02
61 1.892718e-02 5.651758e-02 2.277979e-04 2.154655e-02
62 1.877437e-02 5.574010e-02 2.276939e-04 2.137149e-02
63 1.859761e-02 5.483599e-02 2.275922e-04 2.116074e-02
64 1.843391e-02 5.407659e-02 2.274926e-04 2.096684e-02
65 1.827671e-02 5.343148e-02 2.273951e-04 2.078166e-02
66 1.766431e-02 5.109778e-02 2.273008e-04 1.997247e-02
67 1.766867e-02 5.096725e-02 2.272084e-04 1.999995e-02
68 1.728675e-02 4.963073e-02 2.271751e-04 1.951759e-02
69 1.690941e-02 4.824290e-02 2.270993e-04 1.903315e-02
70 1.656304e-02 4.732719e-02 2.270150e-04 1.862156e-02
71 1.620986e-02 4.644715e-02 2.269343e-04 1.821293e-02
72 1.577398e-02 4.518962e-02 2.268572e-04 1.770702e-02
73 1.548950e-02 4.438460e-02 2.268035e-04 1.739136e-02
74 1.522388e-02 4.358214e-02 2.267322e-04 1.708913e-02
75 1.492377e-02 4.276518e-02 2.266784e-04 1.676099e-02
76 1.466012e-02 4.227347e-02 2.266121e-04 1.647666e-02
77 1.454582e-02 5.599011e-02 2.265962e-04 1.649756e-02
78 1.444668e-02 5.595908e-02 2.265757e-04 1.640046e-02
79 1.436622e-02 4.414104e-02 2.265109e-04 1.627041e-02
80 1.419950e-02 4.495504e-02 2.264572e-04 1.613522e-02
81 1.386942e-02 4.457595e-02 2.263970e-04 1.578407e-02
82 1.371199e-02 5.329869e-02 2.263376e-04 1.570639e-02
83 1.342549e-02 4.530987e-02 2.262902e-04 1.536641e-02
84 1.328522e-02 4.549917e-02 2.262485e-04 1.523436e-02
85 1.306652e-02 4.468868e-02 2.261944e-04 1.497553e-02
86 1.284658e-02 4.460590e-02 2.261415e-04 1.477320e-02
87 1.270077e-02 4.545660e-02 2.260950e-04 1.470532e-02
88 1.250285e-02 4.454018e-02 2.260469e-04 1.444414e-02
89 1.235814e-02 4.376721e-02 2.259986e-04 1.426491e-02
90 1.219028e-02 4.315502e-02 2.259516e-04 1.408727e-02
91 1.203505e-02 4.236930e-02 2.259059e-04 1.391282e-02
92 1.187392e-02 4.165461e-02 2.258612e-04 1.374357e-02
93 1.172867e-02 4.077274e-02 2.258176e-04 1.357505e-02
94 1.157411e-02 4.003446e-02 2.257748e-04 1.340679e-02
95 1.137476e-02 4.093584e-02 2.257309e-04 1.332350e-02
96 1.135154e-02 4.402085e-02 2.256877e-04 1.342736e-02
97 1.116916e-02 4.217871e-02 2.256457e-04 1.315730e-02
98 1.102778e-02 4.449902e-02 2.256032e-04 1.303024e-02
99 1.114374e-02 6.442109e-02 2.255895e-04 1.336093e-02
100 1.111460e-02 5.464930e-02 2.255541e-04 1.326466e-02
101 1.120745e-02 6.412470e-02 2.255439e-04 1.344737e-02
102 1.115936e-02 5.168159e-02 2.255109e-04 1.330844e-02
103 1.122003e-02 6.074517e-02 2.255008e-04 1.342369e-02
104 1.120262e-02 5.076912e-02 2.254614e-04 1.334625e-02
105 1.129044e-02 5.281593e-02 2.254551e-04 1.345290e-02
106 1.122750e-02 4.961487e-02 2.254098e-04 1.336496e-02
107 1.122179e-02 5.526171e-02 2.254036e-04 1.340249e-02
108 1.119748e-02 5.872346e-02 2.253581e-04 1.340259e-02
109 1.123561e-02 5.461714e-02 2.253482e-04 1.340615e-02
110 1.119572e-02 5.288947e-02 2.253225e-04 1.334777e-02
111 1.115995e-02 4.417812e-02 2.252903e-04 1.327175e-02
112 1.104308e-02 3.812274e-02 2.252472e-04 1.311168e-02
113 1.088637e-02 3.703869e-02 2.252048e-04 1.291158e-02
114 1.075897e-02 3.635072e-02 2.251630e-04 1.275297e-02
115 1.067513e-02 3.916223e-02 2.251199e-04 1.266884e-02
116 1.072631e-02 5.621312e-02 2.251117e-04 1.279174e-02
117 1.068495e-02 4.748511e-02 2.250682e-04 1.271830e-02
118 1.066631e-02 4.877516e-02 2.250601e-04 1.272079e-02
119 1.068670e-02 4.782787e-02 2.250388e-04 1.276626e-02
120 1.075755e-02 5.974185e-02 2.249907e-04 1.295077e-02
121 1.142601e-02 9.194162e-02 2.249844e-04 1.415415e-02
122 1.100576e-02 7.489127e-02 2.249517e-04 1.343884e-02
123 1.101141e-02 6.631462e-02 2.249452e-04 1.334768e-02
124 1.065054e-02 4.742865e-02 2.249018e-04 1.272369e-02
125 1.053671e-02 4.025176e-02 2.248932e-04 1.252570e-02
126 1.059887e-02 4.763858e-02 2.248691e-04 1.263628e-02
127 1.057119e-02 6.935335e-02 2.248573e-04 1.273047e-02
128 1.028317e-02 4.737939e-02 2.248428e-04 1.221233e-02
129 1.018085e-02 4.039063e-02 2.248266e-04 1.205188e-02
130 1.009855e-02 3.717404e-02 2.247863e-04 1.193943e-02
131 1.010888e-02 4.863396e-02 2.247624e-04 1.200987e-02
132 1.015603e-02 6.409246e-02 2.247310e-04 1.220858e-02
133 9.901491e-03 4.798587e-02 2.246898e-04 1.178744e-02
134 9.834655e-03 4.888135e-02 2.246759e-04 1.175006e-02
135 9.638302e-03 3.926210e-02 2.246377e-04 1.146025e-02
136 9.403992e-03 3.825421e-02 2.246288e-04 1.118489e-02
137 9.203540e-03 3.867051e-02 2.245940e-04 1.095920e-02
138 8.834084e-03 4.029758e-02 2.245600e-04 1.062453e-02
139 8.541280e-03 4.188237e-02 2.245438e-04 1.039002e-02
140 8.431207e-03 4.267351e-02 2.245110e-04 1.032943e-02
141 8.247186e-03 4.422611e-02 2.244786e-04 1.024956e-02
142 8.140661e-03 4.572280e-02 2.244461e-04 1.026419e-02
143 8.044683e-03 4.707705e-02 2.244133e-04 1.027998e-02
144 8.030947e-03 4.820732e-02 2.244073e-04 1.034005e-02
145 8.090530e-03 4.839447e-02 2.243728e-04 1.041895e-02
146 8.718178e-03 4.931955e-02 2.243393e-04 1.111759e-02
147 8.652238e-03 4.978943e-02 2.243118e-04 1.103705e-02
148 8.314860e-03 4.992343e-02 2.242782e-04 1.066878e-02
149 8.314656e-03 4.999657e-02 2.242611e-04 1.068894e-02
150 7.704865e-03 4.983000e-02 2.242313e-04 1.005746e-02
151 7.347837e-03 4.947290e-02 2.242034e-04 9.701474e-03
152 7.272141e-03 4.896688e-02 2.241971e-04 9.586960e-03
153 7.190159e-03 4.880794e-02 2.241836e-04 9.513465e-03
154 7.415309e-03 4.852231e-02 2.241566e-04 9.735949e-03
155 7.651494e-03 4.774712e-02 2.241439e-04 9.982218e-03
156 7.603840e-03 4.726306e-02 2.241251e-04 9.907565e-03
157 7.264800e-03 4.634568e-02 2.241175e-04 9.487939e-03
158 6.862249e-03 4.589285e-02 2.240959e-04 9.050557e-03
159 6.721245e-03 4.457908e-02 2.240758e-04 8.870142e-03
160 7.046015e-03 4.345629e-02 2.240656e-04 9.161522e-03
161 7.156200e-03 4.280798e-02 2.240453e-04 9.268423e-03
162 6.982307e-03 4.143959e-02 2.240393e-04 9.031742e-03
163 6.681095e-03 4.098295e-02 2.240240e-04 8.668015e-03
164 6.244751e-03 3.970755e-02 2.240162e-04 8.165118e-03
165 6.004918e-03 3.902045e-02 2.240009e-04 7.912026e-03
166 5.736543e-03 3.764171e-02 2.239867e-04 7.609548e-03
167 5.607416e-03 3.634435e-02 2.239817e-04 7.403714e-03
168 5.553191e-03 3.587750e-02 2.239684e-04 7.329131e-03
169 5.404840e-03 3.464085e-02 2.239561e-04 7.130543e-03
170 5.227677e-03 3.344047e-02 2.239448e-04 6.917841e-03
171 5.078458e-03 3.229787e-02 2.239342e-04 6.728221e-03
172 5.093739e-03 3.118442e-02 2.239235e-04 6.644732e-03
173 5.055434e-03 3.010152e-02 2.239198e-04 6.538346e-03
174 4.951465e-03 2.976447e-02 2.239100e-04 6.447849e-03
175 5.123086e-03 2.885043e-02 2.239080e-04 6.581980e-03
176 5.158975e-03 2.875732e-02 2.239009e-04 6.640925e-03
177 5.123792e-03 2.831892e-02 2.238903e-04 6.612488e-03
178 5.395495e-03 2.742022e-02 2.238858e-04 6.924764e-03
179 5.030540e-03 2.707669e-02 2.238764e-04 6.454354e-03
180 4.872373e-03 2.614959e-02 2.238692e-04 6.225388e-03
181 4.568949e-03 2.542559e-02 2.238615e-04 5.852856e-03
182 4.425282e-03 2.460074e-02 2.238541e-04 5.699768e-03
183 4.673209e-03 2.394738e-02 2.238449e-04 5.985638e-03
184 5.805324e-03 4.031662e-02 2.238414e-04 7.459381e-03
185 5.003723e-03 2.356373e-02 2.238341e-04 6.360490e-03
186 5.221613e-03 2.678896e-02 2.238246e-04 6.629913e-03
187 5.511158e-03 2.927329e-02 2.238206e-04 6.997141e-03
188 5.158956e-03 2.181410e-02 2.238119e-04 6.484465e-03
189 5.735813e-03 3.263006e-02 2.238103e-04 7.231465e-03
190 5.322542e-03 2.445600e-02 2.238048e-04 6.653944e-03
191 4.793561e-03 2.045266e-02 2.238021e-04 5.928451e-03
192 4.561930e-03 2.015837e-02 2.237956e-04 5.651498e-03
193 4.383371e-03 1.948097e-02 2.237895e-04 5.433103e-03
194 4.403993e-03 1.890241e-02 2.237882e-04 5.379420e-03
195 4.307024e-03 1.878109e-02 2.237821e-04 5.293439e-03
196 4.421532e-03 1.821821e-02 2.237759e-04 5.338062e-03
197 4.317940e-03 1.763419e-02 2.237703e-04 5.200368e-03
198 4.131129e-03 1.707367e-02 2.237652e-04 4.992293e-03
199 4.009071e-03 1.657916e-02 2.237627e-04 4.859219e-03
200 3.894517e-03 1.632410e-02 2.237582e-04 4.745669e-03
201 3.770929e-03 1.584615e-02 2.237536e-04 4.608297e-03
202 3.748068e-03 1.547636e-02 2.237525e-04 4.618715e-03
203 3.820135e-03 1.540401e-02 2.237474e-04 4.679095e-03
204 4.540092e-03 2.578149e-02 2.237394e-04 5.631515e-03
205 4.974382e-03 3.120999e-02 2.237368e-04 6.195412e-03
206 4.411236e-03 1.636266e-02 2.237306e-04 5.327337e-03
207 4.675311e-03 2.225800e-02 2.237286e-04 5.636783e-03
208 4.120077e-03 1.396849e-02 2.237260e-04 4.898830e-03
209 3.954191e-03 1.372610e-02 2.237215e-04 4.707162e-03
210 3.721386e-03 1.328199e-02 2.237175e-04 4.455285e-03
211 4.624781e-03 2.655760e-02 2.237103e-04 5.751426e-03
212 4.030128e-03 1.361699e-02 2.237069e-04 4.830365e-03
213 3.728046e-03 1.275495e-02 2.237028e-04 4.471840e-03
214 3.687772e-03 1.235732e-02 2.236989e-04 4.377670e-03
215 3.542185e-03 1.197795e-02 2.236954e-04 4.212837e-03
216 3.405638e-03 1.167558e-02 2.236922e-04 4.068303e-03
217 3.316563e-03 1.151966e-02 2.236890e-04 3.974574e-03
218 3.462249e-03 1.198622e-02 2.236881e-04 4.160395e-03
219 3.452004e-03 1.203562e-02 2.236841e-04 4.142904e-03
220 3.879583e-03 2.094405e-02 2.236791e-04 4.719547e-03
221 4.104775e-03 2.310914e-02 2.236743e-04 5.033503e-03
222 3.708201e-03 1.278485e-02 2.236705e-04 4.449120e-03
223 3.487030e-03 1.201429e-02 2.236683e-04 4.161224e-03
224 3.283497e-03 1.129436e-02 2.236652e-04 3.907093e-03
225 3.139526e-03 1.083282e-02 2.236624e-04 3.739412e-03
226 3.033040e-03 1.050975e-02 2.236598e-04 3.613951e-03
227 2.946260e-03 1.025201e-02 2.236573e-04 3.511060e-03
228 2.870885e-03 1.002361e-02 2.236549e-04 3.420674e-03
229 2.802816e-03 9.811986e-03 2.236526e-04 3.338249e-03
230 2.739797e-03 9.608380e-03 2.236504e-04 3.261285e-03
231 2.680727e-03 9.412192e-03 2.236483e-04 3.188559e-03
232 2.624404e-03 9.217770e-03 2.236463e-04 3.118862e-03
233 2.569376e-03 9.023798e-03 2.236443e-04 3.050824e-03
234 2.505973e-03 8.831250e-03 2.236424e-04 2.977157e-03
235 2.397696e-03 8.631524e-03 2.236403e-04 2.873902e-03
236 2.409012e-03 8.457999e-03 2.236385e-04 2.855848e-03
237 2.371371e-03 8.270735e-03 2.236368e-04 2.803267e-03
238 2.331211e-03 8.085504e-03 2.236351e-04 2.749309e-03
239 2.290786e-03 7.902599e-03 2.236336e-04 2.695803e-03
240 2.251132e-03 7.721880e-03 2.236320e-04 2.643588e-03
241 2.212677e-03 7.543216e-03 2.236305e-04 2.592958e-03
242 2.175402e-03 7.366528e-03 2.236291e-04 2.543932e-03
243 2.138663e-03 7.191852e-03 2.236277e-04 2.495925e-03
244 2.102492e-03 7.019590e-03 2.236264e-04 2.448936e-03
245 2.066902e-03 6.850077e-03 2.236251e-04 2.402944e-03
246 2.032078e-03 6.683386e-03 2.236239e-04 2.358070e-03
247 1.998297e-03 6.519536e-03 2.236226e-04 2.314514e-03
248 1.965665e-03 6.358596e-03 2.236215e-04 2.272383e-03
249 1.934215e-03 6.200608e-03 2.236203e-04 2.231696e-03
250 1.904007e-03 6.045717e-03 2.236192e-04 2.192486e-03
251 1.874770e-03 5.891592e-03 2.236181e-04 2.154402e-03
252 1.846440e-03 5.736531e-03 2.236171e-04 2.117253e-03
253 1.819602e-03 5.584105e-03 2.236160e-04 2.081737e-03
254 1.794800e-03 5.434930e-03 2.236150e-04 2.049154e-03
255 1.786418e-03 5.288708e-03 2.236138e-04 2.034979e-03
256 1.745262e-03 5.144224e-03 2.236128e-04 1.985659e-03
257 1.724112e-03 5.008407e-03 2.236119e-04 1.955232e-03
258 1.707179e-03 4.888084e-03 2.236110e-04 1.930414e-03
259 1.698538e-03 4.792763e-03 2.236101e-04 1.914690e-03
260 1.694189e-03 4.708254e-03 2.236092e-04 1.904372e-03
261 1.679661e-03 4.591269e-03 2.236083e-04 1.884106e-03
262 1.664547e-03 4.452757e-03 2.236075e-04 1.861540e-03
263 1.719870e-03 5.448814e-03 2.236065e-04 1.908876e-03
264 1.801268e-03 1.530385e-02 2.236053e-04 2.066645e-03
265 1.774331e-03 9.878702e-03 2.236042e-04 2.010767e-03
266 1.714571e-03 5.155615e-03 2.236033e-04 1.908585e-03
267 1.673861e-03 4.497003e-03 2.236025e-04 1.857576e-03
268 1.641821e-03 4.316525e-03 2.236017e-04 1.817379e-03
269 1.617658e-03 4.308172e-03 2.236009e-04 1.787555e-03
270 1.600912e-03 4.299015e-03 2.236001e-04 1.767785e-03
271 1.592779e-03 4.291000e-03 2.235993e-04 1.759212e-03
272 1.593455e-03 4.387473e-03 2.235985e-04 1.762169e-03
273 1.601774e-03 4.564987e-03 2.235976e-04 1.775503e-03
274 1.613061e-03 5.250584e-03 2.235968e-04 1.793550e-03
275 1.618966e-03 5.504169e-03 2.235959e-04 1.805168e-03
276 1.588371e-03 4.398290e-03 2.235951e-04 1.769611e-03
277 1.503906e-03 4.360865e-03 2.235945e-04 1.672243e-03
278 1.472661e-03 4.328994e-03 2.235936e-04 1.639021e-03
279 1.488085e-03 5.474473e-03 2.235933e-04 1.673783e-03
280 1.520867e-03 4.715156e-03 2.235916e-04 1.718020e-03
281 2.012797e-03 1.749161e-02 2.235880e-04 2.468680e-03
282 3.556362e-03 4.184192e-02 2.235870e-04 4.933856e-03
283 2.794613e-03 2.930567e-02 2.235822e-04 3.668286e-03
284 3.424543e-03 2.876689e-02 2.235816e-04 4.669200e-03
285 2.827842e-03 2.341799e-02 2.235788e-04 3.674200e-03
286 2.471543e-03 1.599908e-02 2.235783e-04 3.094983e-03
287 2.217857e-03 1.293015e-02 2.235766e-04 2.686427e-03
288 2.511347e-03 1.621557e-02 2.235756e-04 3.125190e-03
289 2.364229e-03 1.307489e-02 2.235738e-04 2.917173e-03
290 2.072443e-03 1.121172e-02 2.235721e-04 2.479443e-03
291 1.895798e-03 7.732648e-03 2.235709e-04 2.222180e-03
292 1.802522e-03 6.053872e-03 2.235698e-04 2.089759e-03
293 1.742282e-03 5.214958e-03 2.235689e-04 2.006531e-03
294 1.688440e-03 5.016493e-03 2.235680e-04 1.935543e-03
295 1.636504e-03 4.879648e-03 2.235671e-04 1.869875e-03
296 1.592588e-03 4.738542e-03 2.235664e-04 1.815650e-03
297 1.551562e-03 4.536794e-03 2.235656e-04 1.765709e-03
298 1.514960e-03 4.481456e-03 2.235649e-04 1.721170e-03
299 1.482756e-03 4.428904e-03 2.235642e-04 1.681855e-03
300 1.454028e-03 4.378598e-03 2.235635e-04 1.646780e-03
301 1.427828e-03 4.330317e-03 2.235629e-04 1.614903e-03
302 1.403723e-03 4.283294e-03 2.235623e-04 1.585746e-03
303 1.382527e-03 4.236017e-03 2.235617e-04 1.560265e-03
304 1.365876e-03 4.186555e-03 2.235611e-04 1.540359e-03
305 1.357540e-03 4.132326e-03 2.235605e-04 1.530482e-03
306 1.372442e-03 4.487268e-03 2.235599e-04 1.549344e-03
307 1.801556e-03 1.356277e-02 2.235594e-04 2.176359e-03
308 1.483234e-03 5.300703e-03 2.235581e-04 1.703761e-03
309 1.731428e-03 1.341767e-02 2.235560e-04 2.107665e-03
310 1.752942e-03 1.327902e-02 2.235543e-04 2.155369e-03
311 1.724368e-03 1.327550e-02 2.235528e-04 2.112926e-03
312 1.666861e-03 1.125490e-02 2.235514e-04 2.040080e-03
313 1.576503e-03 9.379843e-03 2.235502e-04 1.906934e-03
314 1.472028e-03 6.526120e-03 2.235493e-04 1.738625e-03
315 1.420165e-03 6.137873e-03 2.235483e-04 1.670332e-03
316 1.410743e-03 8.765369e-03 2.235471e-04 1.692115e-03
317 1.372892e-03 7.869082e-03 2.235462e-04 1.636554e-03
318 1.315466e-03 4.830528e-03 2.235454e-04 1.519494e-03
319 1.281059e-03 4.653870e-03 2.235448e-04 1.471279e-03
320 1.259761e-03 4.504650e-03 2.235442e-04 1.440315e-03
321 1.240448e-03 4.346078e-03 2.235436e-04 1.413166e-03
322 1.223437e-03 4.198225e-03 2.235430e-04 1.389768e-03
323 1.209059e-03 4.065709e-03 2.235425e-04 1.370133e-03
324 1.199932e-03 3.951468e-03 2.235419e-04 1.357385e-03
325 1.644721e-03 1.525337e-02 2.235413e-04 2.059334e-03
326 1.402861e-03 8.735436e-03 2.235402e-04 1.653660e-03
327 1.541066e-03 1.140931e-02 2.235391e-04 1.856591e-03
328 1.382958e-03 6.146822e-03 2.235384e-04 1.601540e-03
329 1.316227e-03 4.282105e-03 2.235378e-04 1.507936e-03
330 1.284169e-03 4.079595e-03 2.235372e-04 1.465051e-03
331 1.297543e-03 3.997829e-03 2.235366e-04 1.480138e-03
332 1.435099e-03 7.484417e-03 2.235360e-04 1.693165e-03
333 1.452560e-03 8.765649e-03 2.235351e-04 1.699611e-03
334 1.502214e-03 9.249907e-03 2.235343e-04 1.768332e-03
335 1.477627e-03 7.514766e-03 2.235335e-04 1.729706e-03
336 1.467700e-03 6.633354e-03 2.235327e-04 1.713883e-03
337 1.473404e-03 6.080741e-03 2.235320e-04 1.719170e-03
338 1.494770e-03 5.876694e-03 2.235313e-04 1.744835e-03
339 1.498038e-03 5.568269e-03 2.235306e-04 1.747080e-03
340 1.476320e-03 5.075461e-03 2.235299e-04 1.717550e-03
341 1.449662e-03 4.899281e-03 2.235292e-04 1.682857e-03
342 1.427244e-03 4.719698e-03 2.235286e-04 1.654584e-03
343 1.403930e-03 4.550030e-03 2.235279e-04 1.627318e-03
344 1.402696e-03 5.762336e-03 2.235269e-04 1.631667e-03
345 1.388173e-03 4.431034e-03 2.235262e-04 1.607888e-03
346 1.370496e-03 4.287124e-03 2.235256e-04 1.586002e-03
347 1.348130e-03 4.127448e-03 2.235250e-04 1.557746e-03
348 1.325127e-03 3.972823e-03 2.235245e-04 1.528965e-03
349 1.303210e-03 3.956156e-03 2.235240e-04 1.501821e-03
350 1.282131e-03 3.936605e-03 2.235234e-04 1.475898e-03
351 1.261951e-03 3.914403e-03 2.235229e-04 1.451138e-03
352 1.242926e-03 3.889855e-03 2.235224e-04 1.427780e-03
353 1.225259e-03 3.863191e-03 2.235220e-04 1.406076e-03
354 1.209225e-03 3.835034e-03 2.235215e-04 1.386350e-03
355 1.194356e-03 3.806273e-03 2.235210e-04 1.367963e-03
356 1.179590e-03 3.775492e-03 2.235206e-04 1.349987e-03
357 1.165443e-03 3.743796e-03 2.235201e-04 1.332888e-03
358 1.151433e-03 3.713146e-03 2.235197e-04 1.315745e-03
359 1.137870e-03 3.682915e-03 2.235193e-04 1.299028e-03
360 1.125192e-03 3.652724e-03 2.235189e-04 1.283314e-03
361 1.112953e-03 3.622889e-03 2.235185e-04 1.268145e-03
362 1.101775e-03 3.592752e-03 2.235181e-04 1.254221e-03
363 1.091182e-03 3.562874e-03 2.235177e-04 1.241003e-03
364 1.081123e-03 3.533122e-03 2.235173e-04 1.228428e-03
365 1.071587e-03 3.503332e-03 2.235170e-04 1.216451e-03
366 1.062561e-03 3.473310e-03 2.235166e-04 1.205043e-03
367 1.054234e-03 3.441457e-03 2.235162e-04 1.194328e-03
368 1.046724e-03 3.408824e-03 2.235159e-04 1.184459e-03
369 1.038784e-03 3.379353e-03 2.235155e-04 1.174479e-03
370 1.030360e-03 3.353985e-03 2.235152e-04 1.164340e-03
371 1.022652e-03 3.331140e-03 2.235148e-04 1.155042e-03
372 1.016506e-03 3.309366e-03 2.235145e-04 1.147256e-03
373 1.013566e-03 3.291376e-03 2.235142e-04 1.142747e-03
374 1.078846e-03 3.346759e-03 2.235136e-04 1.213973e-03
375 1.242946e-03 4.037842e-03 2.235130e-04 1.436901e-03
376 1.224725e-03 3.664617e-03 2.235123e-04 1.417297e-03
377 1.300818e-03 5.117979e-03 2.235117e-04 1.539586e-03
378 1.285715e-03 4.931725e-03 2.235111e-04 1.526337e-03
379 1.287507e-03 5.005902e-03 2.235104e-04 1.533117e-03
380 1.265145e-03 4.525925e-03 2.235099e-04 1.500802e-03
381 1.283272e-03 4.305209e-03 2.235093e-04 1.527589e-03
382 1.341282e-03 4.435954e-03 2.235086e-04 1.618573e-03
383 1.258174e-03 4.499937e-03 2.235081e-04 1.499911e-03
384 1.268109e-03 4.472309e-03 2.235074e-04 1.476746e-03
385 1.314103e-03 8.464113e-03 2.235071e-04 1.524676e-03
386 1.295012e-03 5.524613e-03 2.235064e-04 1.496651e-03
387 1.342443e-03 7.326579e-03 2.235056e-04 1.557800e-03
388 1.302623e-03 6.669269e-03 2.235051e-04 1.504885e-03
389 1.220234e-03 4.270382e-03 2.235046e-04 1.395402e-03
390 1.227507e-03 5.675780e-03 2.235041e-04 1.403002e-03
391 1.245773e-03 9.323618e-03 2.235036e-04 1.433076e-03
392 1.200818e-03 4.051467e-03 2.235031e-04 1.358801e-03
393 1.162552e-03 3.959013e-03 2.235028e-04 1.305416e-03
394 1.136618e-03 3.864237e-03 2.235024e-04 1.269534e-03
395 1.122135e-03 3.772726e-03 2.235020e-04 1.248507e-03
396 1.123450e-03 4.005347e-03 2.235017e-04 1.247231e-03
397 1.112595e-03 3.607288e-03 2.235013e-04 1.230174e-03
398 1.094556e-03 3.525463e-03 2.235010e-04 1.204711e-03
399 1.076754e-03 3.446909e-03 2.235007e-04 1.181034e-03
400 1.061927e-03 3.373019e-03 2.235004e-04 1.161608e-03
401 1.049443e-03 3.303862e-03 2.235001e-04 1.145411e-03
402 1.038330e-03 3.238698e-03 2.234998e-04 1.131198e-03
403 1.028853e-03 3.177954e-03 2.234996e-04 1.119081e-03
404 1.020506e-03 3.121496e-03 2.234993e-04 1.108416e-03
405 1.012808e-03 3.068814e-03 2.234990e-04 1.098656e-03
406 1.005694e-03 3.019476e-03 2.234988e-04 1.089674e-03
407 9.988507e-04 2.972649e-03 2.234985e-04 1.081209e-03
408 9.927557e-04 2.928941e-03 2.234983e-04 1.073594e-03
409 9.874317e-04 2.888261e-03 2.234980e-04 1.066830e-03
410 9.831239e-04 2.851151e-03 2.234978e-04 1.061103e-03
411 9.797059e-04 2.817784e-03 2.234975e-04 1.056292e-03
412 9.744305e-04 2.786864e-03 2.234972e-04 1.049717e-03
413 9.627528e-04 2.758401e-03 2.234969e-04 1.037011e-03
414 9.581486e-04 2.732873e-03 2.234966e-04 1.031289e-03
415 9.626500e-04 2.710428e-03 2.234964e-04 1.034356e-03
416 9.628390e-04 2.686993e-03 2.234961e-04 1.033779e-03
417 9.604377e-04 2.663231e-03 2.234959e-04 1.030848e-03
418 9.564813e-04 2.640082e-03 2.234956e-04 1.026484e-03
419 9.518503e-04 2.617778e-03 2.234954e-04 1.021459e-03
420 9.477193e-04 2.596443e-03 2.234952e-04 1.016844e-03
421 9.443309e-04 2.576140e-03 2.234949e-04 1.012902e-03
422 9.425810e-04 2.556692e-03 2.234947e-04 1.010472e-03
423 9.418547e-04 2.537862e-03 2.234945e-04 1.009063e-03
424 9.411434e-04 2.519448e-03 2.234942e-04 1.007778e-03
425 9.397778e-04 2.501455e-03 2.234940e-04 1.005975e-03
426 9.379760e-04 2.483976e-03 2.234938e-04 1.003816e-03
427 9.359150e-04 2.466949e-03 2.234936e-04 1.001437e-03
428 9.336199e-04 2.450405e-03 2.234934e-04 9.988544e-04
429 9.312241e-04 2.434334e-03 2.234932e-04 9.961868e-04
430 9.287755e-04 2.418706e-03 2.234930e-04 9.934778e-04
1 8.281573e-02 2.794121e-01 2.120248e-04 9.764866e-02
2 4.228713e-02 1.726644e-01 2.119527e-04 5.235790e-02
3 3.830383e-02 1.536462e-01 2.118833e-04 4.748231e-02
4 3.470726e-02 1.374335e-01 2.117875e-04 4.316578e-02
5 3.048596e-02 1.176247e-01 2.117658e-04 3.793810e-02
6 2.988415e-02 1.147120e-01 2.117016e-04 3.714121e-02
7 2.774317e-02 1.051991e-01 2.116795e-04 3.444267e-02
8 2.706453e-02 1.024312e-01 2.116252e-04 3.360359e-02
9 2.530222e-02 9.558913e-02 2.115944e-04 3.147899e-02
10 2.455924e-02 9.208422e-02 2.115343e-04 3.048636e-02
11 2.365389e-02 8.601497e-02 2.115262e-04 2.894507e-02
12 2.353915e-02 8.523243e-02 2.114980e-04 2.875154e-02
13 2.240005e-02 8.248983e-02 2.114656e-04 2.757679e-02
14 2.121557e-02 7.880165e-02 2.114421e-04 2.625119e-02
15 2.048539e-02 7.595108e-02 2.113950e-04 2.535330e-02
16 1.909903e-02 7.078412e-02 2.113668e-04 2.368445e-02
17 1.807391e-02 6.774760e-02 2.113329e-04 2.259813e-02
18 1.705870e-02 6.421945e-02 2.112966e-04 2.141633e-02
19 1.640639e-02 6.108675e-02 2.112812e-04 2.050373e-02
20 1.574392e-02 5.926858e-02 2.112489e-04 1.979683e-02
21 1.625221e-02 5.748208e-02 2.112448e-04 1.981163e-02
22 1.569231e-02 5.736721e-02 2.112114e-04 1.944849e-02
23 1.598093e-02 5.520488e-02 2.111825e-04 1.927682e-02
24 1.509258e-02 5.334825e-02 2.111726e-04 1.840429e-02
25 1.450746e-02 5.238790e-02 2.111438e-04 1.787944e-02
26 1.380981e-02 5.100399e-02 2.111372e-04 1.723332e-02
27 1.339469e-02 5.007424e-02 2.111214e-04 1.682839e-02
28 1.297512e-02 4.878565e-02 2.110964e-04 1.636479e-02
29 1.203984e-02 4.612030e-02 2.110829e-04 1.535502e-02
30 1.149471e-02 4.449129e-02 2.110616e-04 1.475948e-02
31 1.106613e-02 4.269084e-02 2.110463e-04 1.416380e-02
32 1.067979e-02 4.134224e-02 2.110272e-04 1.369067e-02
33 1.035995e-02 3.951940e-02 2.110160e-04 1.311637e-02
34 1.009604e-02 3.848037e-02 2.109982e-04 1.277621e-02
35 9.453492e-03 3.677263e-02 2.109820e-04 1.211787e-02
36 9.389866e-03 3.506058e-02 2.109739e-04 1.178815e-02
37 9.048540e-03 3.423703e-02 2.109683e-04 1.146324e-02
38 8.837921e-03 3.369208e-02 2.109535e-04 1.123732e-02
39 8.516111e-03 3.222895e-02 2.109394e-04 1.078896e-02
40 8.791783e-03 3.138260e-02 2.109331e-04 1.081057e-02
41 8.851444e-03 3.124751e-02 2.109285e-04 1.084231e-02
42 8.898728e-03 3.150257e-02 2.109131e-04 1.089655e-02
43 8.831452e-03 3.217403e-02 2.109014e-04 1.103220e-02
44 8.488388e-03 3.171701e-02 2.108948e-04 1.076292e-02
45 8.037733e-03 3.047848e-02 2.108822e-04 1.018746e-02
46 7.626158e-03 2.907517e-02 2.108704e-04 9.712665e-03
47 7.487013e-03 2.867551e-02 2.108629e-04 9.637157e-03
48 7.352180e-03 2.827857e-02 2.108514e-04 9.489121e-03
49 6.905669e-03 2.696308e-02 2.108407e-04 8.994508e-03
50 7.010595e-03 2.614716e-02 2.108369e-04 8.918124e-03
51 6.858702e-03 2.583902e-02 2.108260e-04 8.781302e-03
52 6.736386e-03 2.501513e-02 2.108158e-04 8.580488e-03
53 6.577927e-03 2.440702e-02 2.108059e-04 8.375984e-03
54 6.393891e-03 2.371543e-02 2.107976e-04 8.149316e-03
55 6.044381e-03 2.277674e-02 2.107886e-04 7.772376e-03
56 5.753504e-03 2.171923e-02 2.107802e-04 7.413361e-03
57 6.264404e-03 2.082497e-02 2.107754e-04 7.681885e-03
58 6.176671e-03 2.044205e-02 2.107662e-04 7.556174e-03
59 6.146694e-03 1.967979e-02 2.107575e-04 7.460292e-03
60 5.630829e-03 1.896162e-02 2.107500e-04 6.929674e-03
61 5.200173e-03 1.836700e-02 2.107431e-04 6.538048e-03
62 4.944044e-03 1.793386e-02 2.107365e-04 6.309458e-03
63 4.698071e-03 1.736532e-02 2.107302e-04 6.038982e-03
64 4.499190e-03 1.681210e-02 2.107243e-04 5.809661e-03
65 4.293140e-03 1.615605e-02 2.107187e-04 5.563247e-03
66 4.205485e-03 1.571135e-02 2.107130e-04 5.426719e-03
67 4.450530e-03 1.581322e-02 2.107092e-04 5.589939e-03
68 4.568520e-03 1.599908e-02 2.107060e-04 5.716020e-03
69 4.521414e-03 1.586284e-02 2.107000e-04 5.674081e-03
70 4.432394e-03 1.518090e-02 2.106942e-04 5.482971e-03
71 4.150812e-03 1.446898e-02 2.106891e-04 5.179573e-03
72 3.853914e-03 1.386105e-02 2.106843e-04 4.897883e-03
73 3.664880e-03 1.332364e-02 2.106797e-04 4.693112e-03
74 3.498564e-03 1.281283e-02 2.106754e-04 4.505092e-03
75 3.361155e-03 1.233526e-02 2.106712e-04 4.339084e-03
76 3.257920e-03 1.191397e-02 2.106672e-04 4.201389e-03
77 3.260865e-03 1.167045e-02 2.106627e-04 4.144265e-03
78 3.518046e-03 1.567516e-02 2.106603e-04 4.346624e-03
79 3.354868e-03 1.144617e-02 2.106570e-04 4.152825e-03
80 3.197697e-03 1.112790e-02 2.106529e-04 4.007291e-03
81 3.086592e-03 1.083566e-02 2.106489e-04 3.890147e-03
82 3.020122e-03 1.058527e-02 2.106461e-04 3.807617e-03
83 2.919018e-03 1.029322e-02 2.106424e-04 3.702972e-03
84 2.824361e-03 9.928169e-03 2.106388e-04 3.589969e-03
85 2.714006e-03 9.526417e-03 2.106354e-04 3.464122e-03
86 2.616558e-03 9.158343e-03 2.106321e-04 3.351270e-03
87 2.524292e-03 8.817811e-03 2.106289e-04 3.244106e-03
88 2.433049e-03 8.497847e-03 2.106257e-04 3.140467e-03
89 2.351834e-03 8.211420e-03 2.106225e-04 3.045656e-03
90 2.305225e-03 8.002453e-03 2.106194e-04 2.969273e-03
91 2.266065e-03 7.776266e-03 2.106162e-04 2.909670e-03
92 2.237083e-03 7.556707e-03 2.106132e-04 2.855349e-03
93 2.177019e-03 7.379678e-03 2.106104e-04 2.777362e-03
94 2.121601e-03 7.220136e-03 2.106077e-04 2.700782e-03
95 2.054823e-03 7.063936e-03 2.106051e-04 2.618290e-03
96 1.988933e-03 6.908518e-03 2.106028e-04 2.537698e-03
97 2.059843e-03 6.766076e-03 2.106003e-04 2.600813e-03
98 1.979658e-03 6.504855e-03 2.105980e-04 2.506823e-03
99 1.884256e-03 6.382412e-03 2.105959e-04 2.395167e-03
100 1.822215e-03 6.264323e-03 2.105939e-04 2.313046e-03
101 1.773220e-03 6.139851e-03 2.105921e-04 2.243892e-03
102 1.728742e-03 6.012955e-03 2.105902e-04 2.180964e-03
103 1.684660e-03 5.883884e-03 2.105885e-04 2.119862e-03
104 1.646031e-03 5.747265e-03 2.105869e-04 2.064263e-03
105 1.615163e-03 5.607018e-03 2.105853e-04 2.015673e-03
106 1.692638e-03 8.838623e-03 2.105834e-04 2.057379e-03
107 2.117870e-03 1.599270e-02 2.105818e-04 2.548135e-03
108 2.239503e-03 2.515746e-02 2.105812e-04 2.828204e-03
109 2.266753e-03 2.934751e-02 2.105768e-04 2.820487e-03
110 2.386312e-03 3.413213e-02 2.105732e-04 3.070079e-03
111 2.170164e-03 1.645579e-02 2.105725e-04 2.652063e-03
112 2.073108e-03 1.277110e-02 2.105703e-04 2.491128e-03
113 2.045572e-03 1.354317e-02 2.105698e-04 2.463042e-03
114 1.955059e-03 1.045352e-02 2.105679e-04 2.320235e-03
115 1.901201e-03 9.714325e-03 2.105671e-04 2.242449e-03
116 1.835819e-03 6.748195e-03 2.105653e-04 2.132268e-03
117 1.814527e-03 7.051884e-03 2.105636e-04 2.105617e-03
118 1.676750e-03 4.705097e-03 2.105621e-04 1.954174e-03
119 1.732651e-03 1.061508e-02 2.105605e-04 2.035732e-03
120 1.741436e-03 1.290896e-02 2.105596e-04 2.070929e-03
121 1.651519e-03 8.517953e-03 2.105582e-04 1.940478e-03
122 1.569585e-03 5.828701e-03 2.105570e-04 1.838690e-03
123 1.497872e-03 4.901041e-03 2.105558e-04 1.755359e-03
124 1.430588e-03 4.154846e-03 2.105548e-04 1.678333e-03
125 1.372850e-03 3.989234e-03 2.105538e-04 1.613168e-03
126 1.320355e-03 3.961619e-03 2.105529e-04 1.554508e-03
127 1.273138e-03 3.933114e-03 2.105520e-04 1.502195e-03
128 1.230720e-03 3.909589e-03 2.105512e-04 1.455351e-03
129 1.192212e-03 3.893859e-03 2.105504e-04 1.413127e-03
130 1.156681e-03 3.877399e-03 2.105496e-04 1.374486e-03
131 1.124179e-03 3.868351e-03 2.105489e-04 1.339700e-03
132 1.094933e-03 3.851230e-03 2.105482e-04 1.308754e-03
133 1.069354e-03 3.838925e-03 2.105475e-04 1.282496e-03
134 1.047790e-03 3.932765e-03 2.105469e-04 1.261144e-03
135 1.030415e-03 4.027796e-03 2.105463e-04 1.244146e-03
136 1.018824e-03 4.126448e-03 2.105457e-04 1.233419e-03
137 1.001269e-03 4.194666e-03 2.105451e-04 1.217159e-03
138 9.750537e-04 4.220076e-03 2.105445e-04 1.190992e-03
139 9.457566e-04 4.156956e-03 2.105440e-04 1.158354e-03
140 9.175765e-04 4.073168e-03 2.105435e-04 1.125969e-03
141 8.906563e-04 3.929605e-03 2.105430e-04 1.092657e-03
142 8.651061e-04 3.763524e-03 2.105425e-04 1.060093e-03
143 8.404465e-04 3.571778e-03 2.105421e-04 1.027776e-03
144 8.167492e-04 3.379690e-03 2.105417e-04 9.965096e-04
145 7.937772e-04 3.191447e-03 2.105413e-04 9.661965e-04
146 7.715577e-04 3.011583e-03 2.105409e-04 9.369641e-04
1 5.589588e-02 1.308161e-01 2.072013e-04 6.323331e-02
2 4.683679e-02 1.163583e-01 2.071747e-04 5.310923e-02
3 4.318166e-02 1.092194e-01 2.071171e-04 4.896956e-02
4 3.516834e-02 9.127106e-02 2.070967e-04 3.978698e-02
5 3.304584e-02 8.633605e-02 2.070510e-04 3.730256e-02
6 2.836865e-02 7.467646e-02 2.070161e-04 3.218691e-02
7 2.514734e-02 6.633493e-02 2.070001e-04 2.868596e-02
8 2.404760e-02 6.305743e-02 2.069683e-04 2.734352e-02
9 2.141306e-02 5.641481e-02 2.069409e-04 2.449465e-02
10 1.927238e-02 5.115641e-02 2.069182e-04 2.203111e-02
11 1.755700e-02 4.683609e-02 2.068980e-04 2.012226e-02
12 1.667353e-02 4.374250e-02 2.068820e-04 1.890301e-02
13 1.535621e-02 4.122972e-02 2.068648e-04 1.756619e-02
14 1.440676e-02 3.862424e-02 2.068508e-04 1.640913e-02
15 1.318766e-02 3.627354e-02 2.068365e-04 1.510966e-02
16 1.221369e-02 3.364282e-02 2.068284e-04 1.389838e-02
17 1.157221e-02 3.235323e-02 2.068164e-04 1.330083e-02
18 1.061378e-02 3.033354e-02 2.068061e-04 1.231256e-02
19 9.848938e-03 2.839767e-02 2.067969e-04 1.147165e-02
20 9.240587e-03 2.667031e-02 2.067878e-04 1.068992e-02
21 8.845331e-03 4.799839e-02 2.067852e-04 1.018839e-02
22 8.824213e-03 2.589769e-02 2.067801e-04 1.008227e-02
23 8.440114e-03 2.426711e-02 2.067717e-04 9.673928e-03
24 7.934300e-03 2.305119e-02 2.067645e-04 9.107443e-03
25 7.340402e-03 2.178051e-02 2.067578e-04 8.443896e-03
26 6.803819e-03 3.583810e-02 2.067556e-04 7.839481e-03
27 6.776913e-03 2.008336e-02 2.067522e-04 7.794748e-03
28 6.501948e-03 1.961964e-02 2.067456e-04 7.597572e-03
29 6.154849e-03 1.874154e-02 2.067398e-04 7.244300e-03
30 6.405072e-03 2.890938e-02 2.067379e-04 7.458505e-03
31 6.363806e-03 1.772792e-02 2.067341e-04 7.422034e-03
32 6.503141e-03 2.143863e-02 2.067261e-04 7.462147e-03
33 6.069800e-03 1.861844e-02 2.067191e-04 6.950772e-03
34 5.515448e-03 1.530454e-02 2.067134e-04 6.333749e-03
35 5.027159e-03 1.455419e-02 2.067085e-04 5.792036e-03
36 5.052525e-03 1.908556e-02 2.067072e-04 5.809401e-03
37 4.865733e-03 1.417256e-02 2.067023e-04 5.606652e-03
38 4.825839e-03 1.467525e-02 2.066985e-04 5.574427e-03
39 4.325786e-03 1.335503e-02 2.066947e-04 5.068081e-03
40 4.067785e-03 1.261474e-02 2.066910e-04 4.799905e-03
41 3.934344e-03 1.214282e-02 2.066875e-04 4.638719e-03
42 4.111973e-03 1.443998e-02 2.066852e-04 4.810921e-03
43 3.896393e-03 1.177558e-02 2.066838e-04 4.580385e-03
44 3.875785e-03 1.167225e-02 2.066800e-04 4.553571e-03
45 3.728318e-03 1.275364e-02 2.066766e-04 4.411226e-03
46 3.488774e-03 1.101666e-02 2.066737e-04 4.183651e-03
47 3.300432e-03 1.060173e-02 2.066712e-04 3.996826e-03
48 3.117427e-03 1.013573e-02 2.066689e-04 3.796020e-03
49 2.967213e-03 9.707359e-03 2.066667e-04 3.629252e-03
50 2.836392e-03 9.316414e-03 2.066647e-04 3.482451e-03
51 2.721733e-03 8.959641e-03 2.066629e-04 3.352535e-03
52 2.623535e-03 8.632786e-03 2.066611e-04 3.238782e-03
53 2.521136e-03 8.268663e-03 2.066592e-04 3.114037e-03
54 2.353011e-03 9.929150e-03 2.066586e-04 2.950154e-03
55 2.365696e-03 7.818910e-03 2.066566e-04 2.937479e-03
56 2.280178e-03 8.911632e-03 2.066548e-04 2.828604e-03
57 2.221696e-03 7.173156e-03 2.066532e-04 2.751042e-03
58 2.177422e-03 6.964196e-03 2.066518e-04 2.692828e-03
59 2.129322e-03 6.765889e-03 2.066504e-04 2.631467e-03
60 2.089652e-03 6.579826e-03 2.066491e-04 2.576797e-03
61 2.054270e-03 6.400240e-03 2.066477e-04 2.525461e-03
62 2.028630e-03 6.951107e-03 2.066462e-04 2.483485e-03
63 2.012306e-03 9.685127e-03 2.066446e-04 2.451692e-03
64 1.988111e-03 1.200314e-02 2.066434e-04 2.389575e-03
65 1.920334e-03 1.933799e-02 2.066422e-04 2.362818e-03
66 1.955697e-03 1.523658e-02 2.066399e-04 2.368972e-03
67 1.960041e-03 1.245638e-02 2.066394e-04 2.353839e-03
68 1.944791e-03 1.082671e-02 2.066381e-04 2.328789e-03
69 1.917447e-03 6.189793e-03 2.066368e-04 2.302634e-03
70 1.787284e-03 1.393638e-02 2.066356e-04 2.224896e-03
71 1.771030e-03 6.732545e-03 2.066344e-04 2.143758e-03
72 1.731292e-03 5.068490e-03 2.066333e-04 2.081434e-03
73 1.681537e-03 4.915976e-03 2.066321e-04 2.016482e-03
74 1.721317e-03 2.825298e-02 2.066313e-04 2.390420e-03
75 1.836557e-03 2.273458e-02 2.066288e-04 2.516222e-03
76 1.912080e-03 2.584917e-02 2.066266e-04 2.800951e-03
77 1.804633e-03 1.910637e-02 2.066249e-04 2.486729e-03
78 1.908166e-03 2.354635e-02 2.066241e-04 2.635873e-03
79 1.805457e-03 1.388244e-02 2.066224e-04 2.314099e-03
80 1.823156e-03 1.726327e-02 2.066210e-04 2.430511e-03
81 1.631155e-03 1.261912e-02 2.066198e-04 2.095497e-03
82 1.549575e-03 1.066661e-02 2.066188e-04 1.959994e-03
83 1.501545e-03 9.651336e-03 2.066179e-04 1.875426e-03
84 1.723402e-03 1.450886e-02 2.066169e-04 2.266371e-03
85 1.622173e-03 1.048017e-02 2.066158e-04 2.062416e-03
86 1.568244e-03 6.651977e-03 2.066150e-04 1.957991e-03
87 1.788073e-03 5.021004e-03 2.066139e-04 2.059628e-03
88 1.684237e-03 5.833886e-03 2.066134e-04 1.935905e-03
89 1.569056e-03 4.094958e-03 2.066127e-04 1.825372e-03
90 1.473693e-03 3.868355e-03 2.066120e-04 1.729416e-03
91 1.412137e-03 3.729810e-03 2.066114e-04 1.663041e-03
92 1.382877e-03 3.616885e-03 2.066109e-04 1.619429e-03
93 1.424021e-03 3.486195e-03 2.066102e-04 1.627332e-03
94 1.492116e-03 3.918278e-03 2.066096e-04 1.677745e-03
95 1.417132e-03 3.184255e-03 2.066090e-04 1.596593e-03
96 1.419089e-03 3.088862e-03 2.066084e-04 1.589101e-03
97 1.551340e-03 4.991558e-03 2.066076e-04 1.731451e-03
98 1.657324e-03 6.596689e-03 2.066067e-04 1.869168e-03
99 1.645538e-03 5.539555e-03 2.066058e-04 1.860053e-03
100 1.627140e-03 5.569509e-03 2.066050e-04 1.838628e-03
101 1.637168e-03 5.766434e-03 2.066042e-04 1.848791e-03
102 1.529383e-03 5.108381e-03 2.066035e-04 1.713494e-03
103 1.409396e-03 4.247089e-03 2.066029e-04 1.570210e-03
104 1.312308e-03 3.433619e-03 2.066023e-04 1.460394e-03
105 1.238316e-03 2.787943e-03 2.066018e-04 1.380438e-03
106 1.179921e-03 2.674940e-03 2.066014e-04 1.319495e-03
107 1.136076e-03 2.599407e-03 2.066009e-04 1.274677e-03
108 1.109759e-03 4.034219e-03 2.066004e-04 1.252398e-03
109 1.064611e-03 2.475235e-03 2.065999e-04 1.203275e-03
110 1.030248e-03 2.420308e-03 2.065995e-04 1.166668e-03
111 1.008883e-03 2.365193e-03 2.065992e-04 1.140624e-03
112 9.843671e-04 2.309975e-03 2.065988e-04 1.113884e-03
113 9.604983e-04 2.256991e-03 2.065985e-04 1.088169e-03
114 9.380617e-04 2.206379e-03 2.065982e-04 1.063824e-03
115 9.169557e-04 2.157916e-03 2.065979e-04 1.040712e-03
116 8.972737e-04 2.111603e-03 2.065977e-04 1.018869e-03
117 8.787470e-04 2.067510e-03 2.065974e-04 9.981296e-04
118 8.719406e-04 2.214692e-03 2.065970e-04 9.865764e-04
119 8.569615e-04 2.341512e-03 2.065967e-04 9.691833e-04
1 4.218902e-02 1.373025e-01 2.065105e-04 4.837923e-02
2 3.040935e-02 8.909705e-02 2.064856e-04 3.423248e-02
3 2.612177e-02 7.140564e-02 2.064749e-04 2.910727e-02
4 2.459064e-02 6.797108e-02 2.064549e-04 2.746751e-02
5 2.208403e-02 5.504328e-02 2.064477e-04 2.443099e-02
6 2.127269e-02 5.299015e-02 2.064303e-04 2.356114e-02
7 1.915289e-02 4.510507e-02 2.064154e-04 2.117518e-02
8 1.727806e-02 4.021737e-02 2.064032e-04 1.911546e-02
9 1.585062e-02 3.915112e-02 2.063950e-04 1.763756e-02
10 1.488742e-02 3.637028e-02 2.063906e-04 1.660447e-02
11 1.445505e-02 3.541762e-02 2.063801e-04 1.614716e-02
12 1.325715e-02 3.232126e-02 2.063763e-04 1.480383e-02
13 1.282099e-02 3.061816e-02 2.063677e-04 1.429690e-02
14 1.183961e-02 2.758506e-02 2.063599e-04 1.318653e-02
15 1.105696e-02 2.558181e-02 2.063529e-04 1.234050e-02
16 1.035875e-02 2.783582e-02 2.063456e-04 1.154530e-02
17 9.511870e-03 4.446903e-02 2.063378e-04 1.071385e-02
18 8.685547e-03 3.367196e-02 2.063318e-04 9.696156e-03
19 8.103329e-03 2.539439e-02 2.063268e-04 9.037188e-03
20 7.520802e-03 1.574411e-02 2.063225e-04 8.370567e-03
21 7.022829e-03 1.478618e-02 2.063187e-04 7.818587e-03
22 6.577514e-03 1.396912e-02 2.063152e-04 7.328459e-03
23 6.167021e-03 1.332136e-02 2.063120e-04 6.878591e-03
24 5.795054e-03 1.270241e-02 2.063090e-04 6.472549e-03
25 5.459364e-03 1.213933e-02 2.063061e-04 6.129072e-03
26 5.214613e-03 1.217480e-02 2.063035e-04 5.916097e-03
27 4.915353e-03 1.182017e-02 2.063008e-04 5.594771e-03
28 4.633086e-03 1.111631e-02 2.062983e-04 5.265742e-03
29 4.376479e-03 1.047633e-02 2.062959e-04 4.966453e-03
30 4.158085e-03 1.216118e-02 2.062936e-04 4.722817e-03
31 3.959563e-03 1.389462e-02 2.062914e-04 4.509502e-03
32 3.757817e-03 1.168590e-02 2.062893e-04 4.272845e-03
33 3.580748e-03 1.185921e-02 2.062874e-04 4.064859e-03
34 3.425482e-03 1.216525e-02 2.062856e-04 3.884008e-03
35 3.277852e-03 9.959085e-03 2.062838e-04 3.706977e-03
36 3.135868e-03 7.453740e-03 2.062822e-04 3.533044e-03
37 3.007970e-03 7.194514e-03 2.062807e-04 3.378600e-03
38 2.892373e-03 6.970315e-03 2.062792e-04 3.240801e-03
39 2.784081e-03 6.751433e-03 2.062778e-04 3.115346e-03
40 2.758868e-03 1.158442e-02 2.062771e-04 3.112296e-03
41 2.703769e-03 6.282382e-03 2.062751e-04 3.035034e-03
42 2.808871e-03 1.272287e-02 2.062728e-04 3.223084e-03
43 2.723885e-03 1.038050e-02 2.062710e-04 3.086003e-03
44 2.643652e-03 9.734886e-03 2.062694e-04 2.989233e-03
45 2.515236e-03 7.764994e-03 2.062679e-04 2.810239e-03
46 2.394529e-03 5.325332e-03 2.062666e-04 2.646368e-03
47 2.299010e-03 5.030971e-03 2.062654e-04 2.529682e-03
48 2.222726e-03 4.900439e-03 2.062643e-04 2.442444e-03
49 2.159758e-03 4.796532e-03 2.062632e-04 2.371239e-03
50 2.105880e-03 4.689935e-03 2.062621e-04 2.309945e-03
51 2.058508e-03 4.583742e-03 2.062611e-04 2.255751e-03
52 2.016409e-03 4.488193e-03 2.062602e-04 2.207491e-03
53 1.979632e-03 4.418585e-03 2.062592e-04 2.165499e-03
54 1.951510e-03 4.379586e-03 2.062583e-04 2.133906e-03
55 1.949764e-03 4.410910e-03 2.062573e-04 2.134393e-03
56 1.917911e-03 4.406684e-03 2.062564e-04 2.101482e-03
57 1.876846e-03 4.367329e-03 2.062556e-04 2.056785e-03
58 1.849160e-03 4.332764e-03 2.062547e-04 2.025914e-03
59 1.822539e-03 4.286732e-03 2.062539e-04 1.995519e-03
60 1.797343e-03 4.235763e-03 2.062531e-04 1.966577e-03
61 1.782485e-03 4.206755e-03 2.062523e-04 1.950061e-03
62 1.766829e-03 4.182321e-03 2.062516e-04 1.933179e-03
63 1.742297e-03 4.139698e-03 2.062508e-04 1.905957e-03
64 1.717064e-03 4.090280e-03 2.062501e-04 1.877815e-03
65 1.690468e-03 4.033850e-03 2.062494e-04 1.847534e-03
66 1.670242e-03 3.981096e-03 2.062486e-04 1.824002e-03
67 1.643034e-03 3.945537e-03 2.062479e-04 1.794059e-03
68 1.618019e-03 7.383248e-03 2.062477e-04 1.763632e-03
69 1.608321e-03 3.896049e-03 2.062468e-04 1.754621e-03
70 1.588018e-03 3.862677e-03 2.062461e-04 1.731254e-03
71 1.573220e-03 3.844019e-03 2.062453e-04 1.715438e-03
72 1.554937e-03 4.686831e-03 2.062446e-04 1.697256e-03
73 1.542240e-03 3.733895e-03 2.062440e-04 1.679251e-03
74 1.513131e-03 3.664248e-03 2.062434e-04 1.646355e-03
75 1.486889e-03 3.596769e-03 2.062428e-04 1.616534e-03
76 1.463212e-03 3.534692e-03 2.062423e-04 1.589507e-03
77 1.441244e-03 3.476698e-03 2.062417e-04 1.564370e-03
78 1.420638e-03 3.422156e-03 2.062412e-04 1.540781e-03
79 1.401157e-03 3.370837e-03 2.062407e-04 1.518512e-03
80 1.382523e-03 3.321913e-03 2.062402e-04 1.497269e-03
81 1.364564e-03 3.274702e-03 2.062397e-04 1.476866e-03
82 1.347173e-03 3.228876e-03 2.062393e-04 1.457173e-03
83 1.330282e-03 3.184316e-03 2.062388e-04 1.438117e-03
84 1.313831e-03 3.140800e-03 2.062384e-04 1.419618e-03
85 1.297768e-03 3.098158e-03 2.062380e-04 1.401612e-03
86 1.282054e-03 3.056321e-03 2.062376e-04 1.384049e-03
87 1.266664e-03 3.015249e-03 2.062371e-04 1.366896e-03
88 1.251561e-03 2.974869e-03 2.062367e-04 1.350105e-03
89 1.236709e-03 2.935146e-03 2.062364e-04 1.333633e-03
90 1.222127e-03 2.896123e-03 2.062360e-04 1.317494e-03
91 1.207782e-03 2.857761e-03 2.062356e-04 1.301651e-03
92 1.193662e-03 2.820079e-03 2.062353e-04 1.286087e-03
93 1.179754e-03 2.783110e-03 2.062349e-04 1.270783e-03
94 1.166049e-03 2.746927e-03 2.062346e-04 1.255732e-03
95 1.152483e-03 2.711321e-03 2.062342e-04 1.240866e-03
96 1.139007e-03 2.676334e-03 2.062339e-04 1.226134e-03
97 1.125518e-03 2.641949e-03 2.062336e-04 1.211403e-03
98 1.113685e-03 2.607533e-03 2.062332e-04 1.197593e-03
99 1.135806e-03 5.554702e-03 2.062329e-04 1.217497e-03
100 1.098148e-03 2.549194e-03 2.062325e-04 1.178799e-03
101 1.082573e-03 2.519497e-03 2.062322e-04 1.162845e-03
102 1.069906e-03 2.489919e-03 2.062319e-04 1.149338e-03
103 1.057893e-03 2.460756e-03 2.062317e-04 1.136365e-03
104 1.046018e-03 2.431924e-03 2.062314e-04 1.123543e-03
105 1.034298e-03 2.403686e-03 2.062311e-04 1.110896e-03
106 1.022737e-03 2.376169e-03 2.062309e-04 1.098429e-03
107 1.011353e-03 2.350214e-03 2.062306e-04 1.086160e-03
108 1.000167e-03 2.326616e-03 2.062303e-04 1.074108e-03
109 9.892675e-04 2.304014e-03 2.062301e-04 1.062369e-03
110 9.790863e-04 2.283489e-03 2.062299e-04 1.051385e-03
111 9.697508e-04 2.266086e-03 2.062296e-04 1.041318e-03
112 9.624531e-04 2.259364e-03 2.062294e-04 1.033434e-03
113 9.595171e-04 2.273577e-03 2.062292e-04 1.030348e-03
114 9.699316e-04 2.336719e-03 2.062289e-04 1.042777e-03
115 1.013470e-03 2.509097e-03 2.062287e-04 1.098494e-03
116 1.013266e-03 2.602775e-03 2.062284e-04 1.104116e-03
117 9.818571e-04 2.574537e-03 2.062282e-04 1.069487e-03
118 9.597993e-04 2.532218e-03 2.062280e-04 1.044101e-03
119 9.473371e-04 2.494002e-03 2.062277e-04 1.029375e-03
120 9.415254e-04 2.463565e-03 2.062275e-04 1.022421e-03
121 9.249322e-04 2.417746e-03 2.062273e-04 1.002893e-03
122 8.995308e-04 2.352828e-03 2.062271e-04 9.730327e-04
123 8.630804e-04 2.248010e-03 2.062268e-04 9.304092e-04
124 8.552937e-04 2.250650e-03 2.062266e-04 9.219910e-04
