1 1.438564e-02 5.243672e-02 5.589710e+00 1.642288e-02
2 6.753951e-03 2.115340e-02 3.476390e+00 7.988231e-03
3 4.909331e-03 1.031869e-02 2.871222e+00 5.472446e-03
4 3.673337e-03 8.121901e-03 2.560230e+00 4.074593e-03
5 2.794020e-03 7.042986e-03 2.375234e+00 3.093679e-03
6 2.134331e-03 5.808262e-03 2.258140e+00 2.367465e-03
7 1.653694e-03 4.747340e-03 2.181715e+00 1.834370e-03
8 1.289334e-03 3.749663e-03 2.130933e+00 1.430145e-03
9 1.013982e-03 2.894384e-03 2.096142e+00 1.126464e-03
10 8.173531e-04 2.270087e-03 2.071444e+00 9.102631e-04
11 6.735368e-04 1.815609e-03 2.053351e+00 7.541558e-04
12 5.670921e-04 1.733060e-03 2.039735e+00 6.396385e-04
13 4.860420e-04 1.665161e-03 2.029239e+00 5.543515e-04
14 4.237274e-04 1.584573e-03 2.020978e+00 4.896143e-04
15 3.752425e-04 1.501364e-03 2.014354e+00 4.399089e-04
16 3.371178e-04 1.423116e-03 2.008955e+00 4.011093e-04
17 3.068860e-04 1.343482e-03 2.004487e+00 3.704896e-04
18 2.826213e-04 1.274369e-03 2.000737e+00 3.459451e-04
19 2.630402e-04 1.209791e-03 1.997548e+00 3.259860e-04
20 2.470790e-04 1.147857e-03 1.994801e+00 3.095986e-04
21 2.339477e-04 1.087043e-03 1.992408e+00 2.958052e-04
22 2.229161e-04 1.040760e-03 1.990299e+00 2.842004e-04
23 2.137600e-04 9.902551e-04 1.988423e+00 2.741249e-04
24 2.057708e-04 9.484452e-04 1.986738e+00 2.653235e-04
25 1.989223e-04 9.017960e-04 1.985213e+00 2.574240e-04
26 1.927223e-04 8.707667e-04 1.983825e+00 2.502355e-04
27 1.870852e-04 8.351852e-04 1.982553e+00 2.436032e-04
28 1.826997e-04 7.912803e-04 1.981383e+00 2.374429e-04
29 1.775206e-04 7.684663e-04 1.980301e+00 2.315981e-04
30 1.732280e-04 7.334724e-04 1.979298e+00 2.260127e-04
31 1.688397e-04 7.154677e-04 1.978364e+00 2.207706e-04
32 1.650912e-04 6.928170e-04 1.977492e+00 2.156985e-04
33 1.610720e-04 6.829061e-04 1.976675e+00 2.108413e-04
34 1.574650e-04 6.652260e-04 1.975908e+00 2.061031e-04
35 1.540811e-04 6.491740e-04 1.975186e+00 2.015518e-04
36 1.509355e-04 6.335704e-04 1.974505e+00 1.971502e-04
37 1.473448e-04 6.208556e-04 1.973862e+00 1.929360e-04
38 1.443317e-04 6.093437e-04 1.973253e+00 1.888330e-04
39 1.406968e-04 5.939887e-04 1.972676e+00 1.848165e-04
40 1.378764e-04 5.824569e-04 1.972128e+00 1.808792e-04
41 1.350933e-04 5.687950e-04 1.971608e+00 1.770756e-04
42 1.320622e-04 5.573866e-04 1.971113e+00 1.734071e-04
43 1.299796e-04 5.448147e-04 1.970642e+00 1.698565e-04
44 1.270299e-04 5.325824e-04 1.970193e+00 1.663022e-04
45 1.247911e-04 5.209286e-04 1.969764e+00 1.629385e-04
46 1.216574e-04 5.136840e-04 1.969355e+00 1.596937e-04
47 1.190853e-04 5.038656e-04 1.968964e+00 1.565154e-04
48 1.170787e-04 4.993254e-04 1.968590e+00 1.533038e-04
49 1.145096e-04 4.953267e-04 1.968231e+00 1.503071e-04
50 1.129596e-04 4.866913e-04 1.967887e+00 1.473614e-04
51 1.104786e-04 4.866831e-04 1.967557e+00 1.444109e-04
52 1.079797e-04 4.830376e-04 1.967240e+00 1.416581e-04
53 1.057629e-04 4.768496e-04 1.966936e+00 1.390072e-04
54 1.040994e-04 4.730705e-04 1.966642e+00 1.362435e-04
55 1.025253e-04 4.694708e-04 1.966360e+00 1.335754e-04
56 1.003874e-04 4.623818e-04 1.966088e+00 1.311709e-04
57 9.922659e-05 4.581768e-04 1.965825e+00 1.286284e-04
58 9.670515e-05 4.578243e-04 1.965572e+00 1.262352e-04
59 9.518810e-05 4.515288e-04 1.965327e+00 1.239217e-04
60 9.297915e-05 4.496362e-04 1.965091e+00 1.217196e-04
61 9.131141e-05 4.465476e-04 1.964862e+00 1.195129e-04
62 8.995276e-05 4.425602e-04 1.964640e+00 1.173445e-04
63 8.842268e-05 4.389515e-04 1.964426e+00 1.152842e-04
64 8.687220e-05 4.358482e-04 1.964218e+00 1.133077e-04
65 8.523202e-05 4.324455e-04 1.964016e+00 1.114662e-04
66 8.407904e-05 4.271739e-04 1.963821e+00 1.095686e-04
67 8.209792e-05 4.254763e-04 1.963631e+00 1.078674e-04
68 8.178860e-05 4.181132e-04 1.963447e+00 1.060708e-04
69 7.980241e-05 4.162974e-04 1.963269e+00 1.044880e-04
70 7.874732e-05 4.150299e-04 1.963096e+00 1.028194e-04
71 7.762565e-05 4.098290e-04 1.962927e+00 1.013449e-04
72 7.646886e-05 4.065617e-04 1.962763e+00 9.988778e-05
73 7.513317e-05 4.033526e-04 1.962604e+00 9.855789e-05
74 7.427864e-05 4.005325e-04 1.962449e+00 9.719676e-05
1 1.539304e-02 5.114849e-02 3.981294e+00 1.733040e-02
2 6.381441e-03 2.035101e-02 2.446050e+00 7.493337e-03
3 3.001897e-03 6.754856e-03 2.071811e+00 3.343979e-03
4 2.468025e-03 6.284442e-03 1.917149e+00 2.771239e-03
5 1.974309e-03 5.692234e-03 1.829445e+00 2.223124e-03
6 1.603819e-03 5.056896e-03 1.773474e+00 1.804328e-03
7 1.307402e-03 4.394334e-03 1.735289e+00 1.468754e-03
8 1.078819e-03 3.770911e-03 1.707984e+00 1.209347e-03
9 8.992679e-04 3.196940e-03 1.687758e+00 1.005768e-03
10 7.582240e-04 2.695748e-03 1.672353e+00 8.464803e-04
11 6.487928e-04 2.307446e-03 1.660341e+00 7.236462e-04
12 5.620664e-04 1.982901e-03 1.650762e+00 6.273234e-04
13 4.933638e-04 1.710686e-03 1.642955e+00 5.519879e-04
14 4.403095e-04 1.504994e-03 1.636457e+00 4.944799e-04
15 3.975120e-04 1.330003e-03 1.630940e+00 4.489872e-04
16 3.633997e-04 1.190094e-03 1.626173e+00 4.132352e-04
17 3.362342e-04 1.080534e-03 1.621994e+00 3.849719e-04
18 3.137332e-04 9.920181e-04 1.618293e+00 3.617508e-04
19 2.950741e-04 9.757745e-04 1.614989e+00 3.427747e-04
20 2.786533e-04 9.508114e-04 1.612031e+00 3.263501e-04
21 2.647907e-04 9.255788e-04 1.609377e+00 3.124764e-04
22 2.529444e-04 9.006216e-04 1.606998e+00 3.007347e-04
23 2.427760e-04 8.783380e-04 1.604868e+00 2.904173e-04
24 2.336113e-04 8.512685e-04 1.602959e+00 2.811172e-04
25 2.255141e-04 8.265740e-04 1.601245e+00 2.727611e-04
26 2.178207e-04 7.955149e-04 1.599701e+00 2.652185e-04
27 2.112080e-04 7.717675e-04 1.598302e+00 2.580884e-04
28 2.049160e-04 7.462470e-04 1.597030e+00 2.513468e-04
29 1.989131e-04 7.186776e-04 1.595867e+00 2.451098e-04
30 1.930525e-04 6.891477e-04 1.594799e+00 2.393087e-04
31 1.881073e-04 6.696254e-04 1.593814e+00 2.334816e-04
32 1.834407e-04 6.512588e-04 1.592901e+00 2.278622e-04
33 1.785383e-04 6.238787e-04 1.592053e+00 2.227283e-04
34 1.739335e-04 6.057769e-04 1.591260e+00 2.175901e-04
35 1.697145e-04 5.886872e-04 1.590516e+00 2.126293e-04
36 1.656812e-04 5.691906e-04 1.589815e+00 2.079103e-04
37 1.615714e-04 5.508361e-04 1.589151e+00 2.033096e-04
38 1.578790e-04 5.313861e-04 1.588519e+00 1.989204e-04
39 1.540058e-04 5.150124e-04 1.587915e+00 1.946065e-04
40 1.503209e-04 5.010800e-04 1.587334e+00 1.903765e-04
41 1.465751e-04 4.842743e-04 1.586775e+00 1.863969e-04
42 1.435092e-04 4.725255e-04 1.586233e+00 1.823496e-04
43 1.403082e-04 4.621570e-04 1.585707e+00 1.785010e-04
44 1.370823e-04 4.553272e-04 1.585197e+00 1.747731e-04
45 1.342396e-04 4.449990e-04 1.584701e+00 1.711667e-04
46 1.313469e-04 4.423127e-04 1.584220e+00 1.674994e-04
47 1.285489e-04 4.303113e-04 1.583756e+00 1.641391e-04
48 1.256084e-04 4.242943e-04 1.583308e+00 1.606947e-04
49 1.228822e-04 4.143854e-04 1.582876e+00 1.574802e-04
50 1.200961e-04 4.079545e-04 1.582460e+00 1.542304e-04
51 1.178000e-04 4.020415e-04 1.582059e+00 1.510875e-04
52 1.154327e-04 3.957625e-04 1.581672e+00 1.479449e-04
53 1.132087e-04 3.902541e-04 1.581298e+00 1.449406e-04
54 1.111540e-04 3.837021e-04 1.580938e+00 1.420727e-04
