1 1.117119e+00 4.138036e+00 3.104035e-01 1.273921e+00
2 1.102091e+00 4.019555e+00 3.030130e-01 1.256322e+00
3 1.085319e+00 3.883619e+00 2.979575e-01 1.237210e+00
4 1.074583e+00 3.787713e+00 2.890128e-01 1.224508e+00
5 1.054621e+00 3.611335e+00 2.832646e-01 1.201192e+00
6 1.042078e+00 3.498789e+00 2.775450e-01 1.186537e+00
7 1.028956e+00 3.388318e+00 2.687421e-01 1.170987e+00
8 1.008295e+00 3.245512e+00 2.629578e-01 1.147007e+00
9 9.942770e-01 3.241930e+00 2.569367e-01 1.130683e+00
10 9.798191e-01 3.345278e+00 2.441117e-01 1.114030e+00
11 9.489964e-01 3.523859e+00 2.267311e-01 1.078550e+00
12 9.042971e-01 3.499134e+00 2.143854e-01 1.027683e+00
13 8.715625e-01 3.251036e+00 1.980748e-01 9.903271e-01
14 8.265769e-01 2.833593e+00 1.874246e-01 9.390495e-01
15 7.955136e-01 2.581471e+00 1.759658e-01 9.038865e-01
16 7.610774e-01 2.536826e+00 1.695612e-01 8.646420e-01
17 7.412803e-01 2.494539e+00 1.633395e-01 8.422880e-01
18 7.210396e-01 2.439188e+00 1.535537e-01 8.196767e-01
19 6.894467e-01 2.328748e+00 1.487832e-01 7.839314e-01
20 6.738509e-01 2.268698e+00 1.392561e-01 7.663862e-01
21 6.418688e-01 2.138837e+00 1.299226e-01 7.303092e-01
22 6.087013e-01 2.005481e+00 1.241484e-01 6.930890e-01
23 5.878176e-01 1.921424e+00 1.188096e-01 6.694695e-01
24 5.677801e-01 1.863678e+00 1.136964e-01 6.467524e-01
25 5.480039e-01 1.823350e+00 1.108166e-01 6.243166e-01
26 5.366063e-01 1.798708e+00 1.017201e-01 6.114402e-01
27 4.983759e-01 1.710903e+00 9.077579e-02 5.683207e-01
28 4.499908e-01 1.580363e+00 8.656892e-02 5.136569e-01
29 4.299615e-01 1.524199e+00 8.123933e-02 4.912028e-01
30 4.035696e-01 1.445267e+00 7.801877e-02 4.614452e-01
31 3.863009e-01 1.393442e+00 7.492500e-02 4.421886e-01
32 3.693564e-01 1.339964e+00 7.134954e-02 4.231355e-01
33 3.486614e-01 1.352348e+00 6.917508e-02 3.998253e-01
34 3.355204e-01 1.302806e+00 6.684611e-02 3.848670e-01
35 3.207433e-01 1.225353e+00 6.303174e-02 3.681850e-01
36 2.954943e-01 1.192726e+00 6.149815e-02 3.395997e-01
37 2.831822e-01 1.230844e+00 5.953441e-02 3.260093e-01
38 2.682293e-01 1.290140e+00 5.739853e-02 3.094987e-01
39 2.519314e-01 1.342269e+00 5.639899e-02 2.911333e-01
40 2.436173e-01 1.347413e+00 5.569783e-02 2.816115e-01
41 2.378652e-01 1.336127e+00 5.358827e-02 2.749687e-01
42 2.189553e-01 1.216999e+00 5.256448e-02 2.532368e-01
43 2.090894e-01 1.133640e+00 5.126023e-02 2.419707e-01
44 1.961598e-01 1.015626e+00 5.070171e-02 2.269850e-01
45 1.897176e-01 9.960361e-01 4.974720e-02 2.197241e-01
46 1.790050e-01 9.573824e-01 4.927719e-02 2.072227e-01
47 1.731487e-01 9.335637e-01 4.756203e-02 2.005765e-01
48 1.507811e-01 8.189117e-01 4.721775e-02 1.746509e-01
49 1.451258e-01 7.895584e-01 4.685579e-02 1.681912e-01
50 1.394409e-01 7.559650e-01 4.574411e-02 1.617126e-01
51 1.212688e-01 6.497313e-01 4.553945e-02 1.410121e-01
52 1.168886e-01 6.520913e-01 4.530591e-02 1.360687e-01
53 1.122195e-01 6.461486e-01 4.484928e-02 1.308948e-01
54 1.029178e-01 6.334862e-01 4.471705e-02 1.205927e-01
55 9.966090e-02 6.469576e-01 4.431456e-02 1.170747e-01
56 9.020388e-02 7.759569e-01 4.420721e-02 1.067231e-01
57 8.728662e-02 8.422422e-01 4.395345e-02 1.036429e-01
58 8.057178e-02 8.353425e-01 4.386431e-02 9.646308e-02
59 7.793938e-02 9.561797e-01 4.349634e-02 9.378012e-02
60 6.661098e-02 6.629618e-01 4.344264e-02 8.115255e-02
61 6.436040e-02 6.021136e-01 4.333129e-02 7.878824e-02
62 6.028628e-02 6.197815e-01 4.317700e-02 7.459356e-02
63 5.438827e-02 7.340467e-01 4.313724e-02 6.864076e-02
64 5.256056e-02 7.389745e-01 4.301166e-02 6.692801e-02
65 4.700166e-02 8.258828e-01 4.297673e-02 6.088387e-02
66 4.524261e-02 7.694345e-01 4.288983e-02 5.912704e-02
67 4.106076e-02 5.437009e-01 4.286267e-02 5.438183e-02
68 3.962461e-02 5.826268e-01 4.277865e-02 5.313114e-02
69 3.557737e-02 8.020044e-01 4.275692e-02 4.942819e-02
70 3.447734e-02 8.995190e-01 4.270194e-02 4.880014e-02
71 3.201127e-02 9.350683e-01 4.267977e-02 4.696407e-02
72 3.100051e-02 8.779009e-01 4.258844e-02 4.611949e-02
73 2.710308e-02 5.253569e-01 4.257503e-02 4.110198e-02
74 2.615433e-02 4.890364e-01 4.255371e-02 4.018482e-02
75 2.516697e-02 4.574452e-01 4.252178e-02 3.923286e-02
76 2.381216e-02 4.871739e-01 4.249085e-02 3.775146e-02
77 2.241930e-02 4.112601e-01 4.242424e-02 3.600971e-02
78 1.957216e-02 5.419100e-01 4.241445e-02 3.247909e-02
79 1.895668e-02 5.929556e-01 4.240114e-02 3.205594e-02
80 1.849458e-02 6.794285e-01 4.236397e-02 3.193205e-02
81 1.714020e-02 5.853360e-01 4.235135e-02 3.029983e-02
82 1.671558e-02 5.719996e-01 4.231178e-02 2.969811e-02
83 1.485796e-02 4.285388e-01 4.230232e-02 2.553446e-02
84 1.428310e-02 3.689566e-01 4.226900e-02 2.455429e-02
85 1.239362e-02 3.321259e-01 4.226108e-02 2.137275e-02
86 1.199220e-02 3.688718e-01 4.224356e-02 2.092348e-02
87 1.111966e-02 3.898546e-01 4.223335e-02 1.989068e-02
88 1.069089e-02 4.658024e-01 4.220240e-02 1.975999e-02
89 9.303677e-03 5.425388e-01 4.219496e-02 1.867669e-02
90 8.989194e-03 4.578108e-01 4.218130e-02 1.832710e-02
91 8.401238e-03 3.516050e-01 4.216012e-02 1.735101e-02
92 7.451142e-03 3.453738e-01 4.215428e-02 1.568990e-02
93 7.224438e-03 3.282326e-01 4.214389e-02 1.528571e-02
94 6.666948e-03 2.751669e-01 4.213650e-02 1.408197e-02
95 6.215127e-03 2.294285e-01 4.212201e-02 1.314635e-02
96 5.241925e-03 2.616588e-01 4.211913e-02 1.122961e-02
97 5.078027e-03 2.666606e-01 4.211266e-02 1.102970e-02
98 4.743758e-03 1.904933e-01 4.210712e-02 1.035563e-02
99 4.606225e-03 2.702160e-01 4.209293e-02 1.050745e-02
100 4.875688e-03 7.214579e-01 4.208832e-02 1.508939e-02
101 4.905543e-03 6.071302e-01 4.207089e-02 1.549476e-02
102 4.467400e-03 4.490827e-01 4.206115e-02 1.290761e-02
103 4.137631e-03 2.292825e-01 4.204671e-02 1.090345e-02
104 3.755755e-03 2.877468e-01 4.204285e-02 1.040371e-02
105 3.884132e-03 3.003015e-01 4.203045e-02 1.128385e-02
106 4.226101e-03 5.417198e-01 4.202026e-02 1.394728e-02
107 4.343902e-03 5.929156e-01 4.199586e-02 1.445505e-02
108 3.083730e-03 1.778160e-01 4.199152e-02 9.355468e-03
109 2.947776e-03 1.854681e-01 4.198006e-02 9.051700e-03
110 2.592758e-03 2.031753e-01 4.197756e-02 8.392278e-03
111 2.547480e-03 2.519681e-01 4.197128e-02 8.587100e-03
112 2.523246e-03 3.010754e-01 4.196641e-02 9.233004e-03
113 2.369979e-03 2.092107e-01 4.196042e-02 8.539866e-03
114 2.404506e-03 1.749420e-01 4.195649e-02 8.534458e-03
115 2.288720e-03 1.497995e-01 4.195211e-02 7.895789e-03
116 2.259142e-03 1.497777e-01 4.194821e-02 7.686243e-03
117 2.045857e-03 1.253686e-01 4.194197e-02 6.611165e-03
118 1.917176e-03 1.453834e-01 4.194025e-02 5.890029e-03
119 1.956975e-03 2.256556e-01 4.193325e-02 6.111315e-03
120 2.530907e-03 7.005955e-01 4.192836e-02 1.078833e-02
121 2.374629e-03 4.452351e-01 4.192104e-02 8.686377e-03
122 2.033079e-03 1.720992e-01 4.191429e-02 6.158211e-03
123 2.070709e-03 2.038263e-01 4.191136e-02 6.802192e-03
124 2.250001e-03 2.341289e-01 4.190428e-02 7.798872e-03
125 2.652674e-03 2.974087e-01 4.189551e-02 9.882086e-03
126 2.847564e-03 2.901366e-01 4.187916e-02 1.094133e-02
127 2.705773e-03 2.239845e-01 4.187423e-02 1.031443e-02
128 2.791090e-03 3.782494e-01 4.186225e-02 1.082358e-02
129 2.801059e-03 3.984351e-01 4.185407e-02 1.112278e-02
130 2.338466e-03 3.255815e-01 4.184575e-02 8.736660e-03
131 1.424749e-03 1.454984e-01 4.184416e-02 4.815900e-03
132 1.320476e-03 1.852816e-01 4.184183e-02 4.758727e-03
133 1.080238e-03 1.526468e-01 4.184062e-02 4.307761e-03
134 9.734073e-04 1.319324e-01 4.183885e-02 3.923902e-03
135 7.886515e-04 1.164653e-01 4.183822e-02 3.002527e-03
136 7.516692e-04 1.041662e-01 4.183705e-02 2.915293e-03
137 7.304321e-04 1.024501e-01 4.183641e-02 2.941555e-03
138 7.576077e-04 1.323986e-01 4.183455e-02 3.261757e-03
139 1.017977e-03 3.204683e-01 4.183300e-02 5.663197e-03
140 1.178050e-03 4.560698e-01 4.183748e-02 7.478221e-03
141 9.791114e-04 1.662076e-01 4.183252e-02 3.827207e-03
142 8.385284e-04 1.513198e-01 4.182983e-02 3.426557e-03
143 7.126907e-04 1.243749e-01 4.182829e-02 2.778641e-03
144 6.629578e-04 1.170657e-01 4.182626e-02 2.714852e-03
145 5.967274e-04 7.313495e-02 4.182459e-02 2.602662e-03
146 5.432472e-04 8.417315e-02 4.182331e-02 2.530751e-03
147 4.889284e-04 5.782907e-02 4.182228e-02 2.222053e-03
148 4.705505e-04 8.758595e-02 4.182119e-02 2.304781e-03
149 5.415469e-04 1.762043e-01 4.181973e-02 3.406130e-03
150 4.482294e-04 5.664720e-02 4.181874e-02 1.992965e-03
151 3.244234e-04 3.688522e-02 4.181807e-02 1.373090e-03
152 2.561288e-04 3.266642e-02 4.181744e-02 1.124269e-03
153 2.189158e-04 3.227169e-02 4.181682e-02 1.007362e-03
154 1.986012e-04 3.018222e-02 4.181620e-02 9.546913e-04
155 1.880091e-04 3.049827e-02 4.181558e-02 9.502493e-04
156 1.857041e-04 3.474108e-02 4.181494e-02 9.965241e-04
1 1.087241e+00 2.653244e+00 4.275180e-02 1.195764e+00
2 9.730876e-01 2.391965e+00 4.038142e-02 1.071270e+00
3 9.277666e-01 2.286587e+00 3.594546e-02 1.021915e+00
4 8.360662e-01 2.076090e+00 3.296506e-02 9.220417e-01
5 7.689640e-01 1.923397e+00 3.063569e-02 8.489273e-01
6 7.121336e-01 1.791270e+00 2.930765e-02 7.869849e-01
7 6.775684e-01 1.710472e+00 2.863233e-02 7.493357e-01
8 6.587595e-01 1.667890e+00 2.741248e-02 7.288369e-01
9 6.242232e-01 1.587062e+00 2.631518e-02 6.911796e-01
10 5.913651e-01 1.509971e+00 2.546442e-02 6.552423e-01
11 5.644505e-01 1.446743e+00 2.418876e-02 6.258328e-01
12 5.222669e-01 1.344240e+00 2.263635e-02 5.796176e-01
13 4.657737e-01 1.204972e+00 2.194413e-02 5.178242e-01
14 4.384918e-01 1.136303e+00 2.103084e-02 4.878375e-01
15 3.998137e-01 1.051525e+00 2.028712e-02 4.454421e-01
16 3.653210e-01 9.714338e-01 1.916200e-02 4.076328e-01
17 3.062421e-01 8.240378e-01 1.815384e-02 3.424813e-01
18 2.429262e-01 8.348161e-01 1.788580e-02 2.728874e-01
19 2.241093e-01 9.544143e-01 1.743158e-02 2.523184e-01
20 1.889561e-01 1.373852e+00 1.689969e-02 2.142899e-01
21 1.405779e-01 1.065152e+00 1.678270e-02 1.607441e-01
22 1.296380e-01 1.417709e+00 1.658438e-02 1.494293e-01
23 1.097479e-01 1.281524e+00 1.631078e-02 1.278938e-01
24 7.745854e-02 4.655910e-01 1.624291e-02 9.143510e-02
25 6.855720e-02 5.430161e-01 1.612271e-02 8.228243e-02
26 5.013202e-02 4.609603e-01 1.609145e-02 6.187918e-02
27 4.486805e-02 4.712228e-01 1.604167e-02 5.527711e-02
28 3.618343e-02 3.843329e-01 1.597113e-02 4.546894e-02
29 2.184132e-02 3.744957e-01 1.595680e-02 3.041704e-02
30 1.979614e-02 4.588427e-01 1.593010e-02 2.876032e-02
31 1.596057e-02 3.067094e-01 1.591852e-02 2.463813e-02
32 1.459732e-02 3.275893e-01 1.590573e-02 2.333218e-02
33 1.311195e-02 3.068726e-01 1.588108e-02 2.175102e-02
34 1.026294e-02 3.569408e-01 1.585914e-02 1.790647e-02
35 8.420441e-03 3.726759e-01 1.585597e-02 1.540352e-02
36 8.094260e-03 3.846104e-01 1.584905e-02 1.514442e-02
37 7.797822e-03 3.480617e-01 1.582844e-02 1.501461e-02
38 5.982170e-03 3.659106e-01 1.582350e-02 1.216581e-02
39 5.669216e-03 3.483355e-01 1.580986e-02 1.158418e-02
40 4.433742e-03 1.799352e-01 1.580414e-02 9.202699e-03
41 4.242501e-03 2.406254e-01 1.579525e-02 9.113111e-03
42 3.620792e-03 2.776354e-01 1.578973e-02 8.625511e-03
43 3.308046e-03 2.913117e-01 1.578394e-02 8.048408e-03
44 3.024009e-03 2.012137e-01 1.578125e-02 7.286760e-03
45 3.016733e-03 2.872643e-01 1.577428e-02 7.937763e-03
46 2.768477e-03 2.752776e-01 1.577158e-02 7.139236e-03
47 2.873645e-03 4.228338e-01 1.575999e-02 8.915302e-03
48 2.486708e-03 3.103052e-01 1.575688e-02 7.789691e-03
49 2.359368e-03 2.365706e-01 1.575231e-02 7.214869e-03
50 2.160301e-03 2.558335e-01 1.574939e-02 6.683346e-03
51 2.071715e-03 2.604691e-01 1.574550e-02 6.349513e-03
52 1.953546e-03 2.846615e-01 1.574332e-02 6.123503e-03
53 1.877430e-03 2.695493e-01 1.574019e-02 5.800545e-03
54 1.628925e-03 1.514015e-01 1.573827e-02 4.516556e-03
55 1.485157e-03 1.206238e-01 1.573572e-02 4.009106e-03
56 1.346002e-03 1.657937e-01 1.573420e-02 4.021102e-03
57 1.358784e-03 1.603978e-01 1.573166e-02 4.301215e-03
58 1.217901e-03 1.028808e-01 1.572964e-02 3.893745e-03
59 1.090681e-03 1.296338e-01 1.572788e-02 3.796332e-03
60 1.068364e-03 1.791630e-01 1.572582e-02 4.160906e-03
61 1.291264e-03 3.705305e-01 1.572077e-02 6.025227e-03
62 1.490137e-03 3.585781e-01 1.571601e-02 6.825393e-03
63 9.207043e-04 1.616037e-01 1.571360e-02 3.573803e-03
64 7.232477e-04 9.528237e-02 1.571257e-02 2.858638e-03
65 7.080123e-04 1.487241e-01 1.571149e-02 3.136006e-03
66 7.287723e-04 1.428394e-01 1.571040e-02 3.369585e-03
67 6.942915e-04 9.115355e-02 1.570943e-02 3.089242e-03
68 6.252205e-04 7.133035e-02 1.570856e-02 2.662653e-03
69 5.317974e-04 7.588586e-02 1.570783e-02 2.140239e-03
70 4.348316e-04 5.074943e-02 1.570723e-02 1.614297e-03
71 3.483519e-04 4.158041e-02 1.570672e-02 1.198099e-03
72 2.885082e-04 2.813301e-02 1.570624e-02 9.512422e-04
73 2.506127e-04 2.736042e-02 1.570578e-02 8.213844e-04
74 2.274803e-04 2.532445e-02 1.570533e-02 7.556968e-04
1 1.335191e+00 2.711063e+00 3.527508e-02 1.434057e+00
2 1.232789e+00 2.498897e+00 3.130293e-02 1.325068e+00
3 1.129751e+00 2.295399e+00 2.763844e-02 1.215301e+00
4 1.025380e+00 2.089232e+00 2.406195e-02 1.103961e+00
5 9.119575e-01 1.889039e+00 2.256358e-02 9.827222e-01
6 8.601061e-01 1.808116e+00 2.137511e-02 9.272819e-01
7 8.165917e-01 1.734001e+00 1.966340e-02 8.807503e-01
8 7.496645e-01 1.597067e+00 1.797625e-02 8.090127e-01
9 6.772345e-01 1.429169e+00 1.611697e-02 7.313024e-01
10 5.873089e-01 1.239888e+00 1.529541e-02 6.347731e-01
11 5.430942e-01 1.175120e+00 1.478057e-02 5.873774e-01
12 5.135485e-01 1.166761e+00 1.322865e-02 5.555625e-01
13 4.123488e-01 1.231482e+00 1.237033e-02 4.469389e-01
14 3.450412e-01 8.133451e-01 1.193229e-02 3.744515e-01
15 3.057662e-01 8.051144e-01 1.108819e-02 3.322130e-01
16 2.115289e-01 7.577414e-01 1.064054e-02 2.307174e-01
17 1.419551e-01 5.571099e-01 1.055617e-02 1.556530e-01
18 1.260633e-01 6.557076e-01 1.048786e-02 1.386508e-01
19 1.118837e-01 5.742118e-01 1.034235e-02 1.234232e-01
20 7.578938e-02 9.118026e-01 1.028953e-02 8.497809e-02
21 6.089001e-02 5.373681e-01 1.024678e-02 6.924563e-02
22 4.833303e-02 6.951592e-01 1.019291e-02 5.704474e-02
23 3.360958e-02 8.204955e-01 1.014192e-02 4.219678e-02
24 2.058913e-02 3.766696e-01 1.013098e-02 2.812603e-02
25 1.869740e-02 5.230021e-01 1.010063e-02 2.697435e-02
26 1.374627e-02 5.651680e-01 1.008914e-02 2.367306e-02
27 1.275643e-02 5.677268e-01 1.005131e-02 2.286297e-02
28 8.092623e-03 3.887175e-01 1.004519e-02 1.723568e-02
29 7.792132e-03 4.663245e-01 1.002904e-02 1.677173e-02
30 7.141705e-03 3.257441e-01 1.000169e-02 1.541045e-02
31 5.847755e-03 5.949506e-01 9.989332e-03 1.495371e-02
32 6.323251e-03 8.019467e-01 9.973001e-03 1.904096e-02
33 6.287963e-03 5.705957e-01 9.959845e-03 1.829632e-02
34 6.668058e-03 7.907170e-01 9.932194e-03 2.094649e-02
35 6.999474e-03 7.945776e-01 9.905688e-03 2.393038e-02
36 6.073022e-03 4.427793e-01 9.880310e-03 1.987054e-02
37 4.217605e-03 2.131380e-01 9.877219e-03 1.252415e-02
38 3.995083e-03 2.011036e-01 9.868279e-03 1.179735e-02
39 3.257038e-03 1.945867e-01 9.860069e-03 9.513799e-03
40 2.411075e-03 2.508230e-01 9.857638e-03 7.282465e-03
41 2.512166e-03 4.780068e-01 9.850153e-03 9.090535e-03
42 2.882538e-03 8.326098e-01 9.845315e-03 1.467154e-02
43 1.921607e-03 1.510605e-01 9.829128e-03 5.822051e-03
44 1.551309e-03 1.936934e-01 9.826865e-03 4.892680e-03
45 1.882745e-03 3.606138e-01 9.815447e-03 7.141935e-03
46 3.648638e-03 9.074297e-01 9.802950e-03 1.865499e-02
47 3.730647e-03 7.680321e-01 9.780306e-03 1.944638e-02
48 2.992761e-03 3.279937e-01 9.758460e-03 1.464783e-02
49 2.555049e-03 5.537535e-01 9.748766e-03 1.156738e-02
50 1.639190e-03 2.407498e-01 9.743594e-03 6.476338e-03
51 1.588336e-03 3.177814e-01 9.735448e-03 6.951822e-03
52 1.690129e-03 4.686273e-01 9.728041e-03 9.168666e-03
53 1.167937e-03 2.606424e-01 9.721357e-03 5.381758e-03
54 9.107957e-04 1.518968e-01 9.719379e-03 4.634344e-03
55 5.078644e-04 9.734892e-02 9.718377e-03 2.559302e-03
56 4.174175e-04 9.445689e-02 9.718321e-03 2.274572e-03
57 3.745946e-04 9.680083e-02 9.717726e-03 1.840962e-03
58 2.807187e-04 3.069499e-02 9.717342e-03 9.711276e-04
59 2.389791e-04 3.430776e-02 9.716973e-03 8.056543e-04
60 2.503478e-04 6.755387e-02 9.716499e-03 1.090081e-03
61 3.590694e-04 1.740970e-01 9.715203e-03 2.302883e-03
62 6.175564e-04 4.186466e-01 9.712651e-03 5.237088e-03
63 3.610305e-04 1.307732e-01 9.710197e-03 2.295421e-03
64 2.210734e-04 9.541570e-02 9.709569e-03 1.588975e-03
65 1.401355e-04 2.130720e-02 9.709233e-03 6.125258e-04
66 9.842499e-05 1.446082e-02 9.709004e-03 3.909116e-04
67 8.557355e-05 1.324413e-02 9.708745e-03 3.419870e-04
1 1.682974e+00 2.998636e+00 3.967716e-02 1.765185e+00
2 1.501900e+00 2.639633e+00 3.014379e-02 1.575734e+00
3 1.249756e+00 2.132463e+00 2.877569e-02 1.311696e+00
4 1.209081e+00 2.065101e+00 2.550837e-02 1.269247e+00
5 1.106884e+00 1.891249e+00 2.050764e-02 1.162250e+00
6 9.290924e-01 1.586395e+00 1.775229e-02 9.760334e-01
7 8.151189e-01 1.409225e+00 1.636692e-02 8.566120e-01
8 7.514559e-01 1.317647e+00 1.378077e-02 7.898560e-01
9 6.155187e-01 1.115321e+00 1.201063e-02 6.473043e-01
10 5.023158e-01 9.145141e-01 1.059736e-02 5.285511e-01
11 3.897519e-01 6.915728e-01 9.367311e-03 4.104193e-01
12 2.560987e-01 4.951425e-01 8.749457e-03 2.701397e-01
13 1.543206e-01 7.327075e-01 8.616009e-03 1.634842e-01
14 1.248948e-01 7.627005e-01 8.372191e-03 1.326801e-01
15 4.476781e-02 4.312911e-01 8.347637e-03 4.970265e-02
16 3.691730e-02 5.513140e-01 8.325254e-03 4.235118e-02
17 2.987757e-02 5.912768e-01 8.305201e-03 3.568541e-02
18 2.337557e-02 4.050684e-01 8.269716e-03 2.916633e-02
19 1.035165e-02 3.689964e-01 8.255182e-03 1.705120e-02
20 8.358863e-03 7.717811e-01 8.236659e-03 1.750839e-02
21 6.282861e-03 6.679751e-01 8.220825e-03 1.691849e-02
22 6.175128e-03 6.816744e-01 8.204217e-03 1.663059e-02
23 4.374086e-03 2.517124e-01 8.187899e-03 1.049275e-02
24 3.964982e-03 4.028717e-01 8.174770e-03 1.152854e-02
25 2.913949e-03 2.426551e-01 8.164668e-03 8.052987e-03
26 2.308035e-03 2.290394e-01 8.158931e-03 6.627983e-03
27 1.940448e-03 2.798389e-01 8.154482e-03 6.064692e-03
28 1.820331e-03 2.100210e-01 8.149581e-03 5.958851e-03
29 2.206230e-03 4.896423e-01 8.144247e-03 9.123167e-03
30 2.392198e-03 3.303651e-01 8.136708e-03 9.035100e-03
31 2.177414e-03 2.968838e-01 8.130744e-03 8.394537e-03
32 1.928394e-03 2.263601e-01 8.126370e-03 8.058635e-03
33 1.304137e-03 1.651587e-01 8.123843e-03 5.170453e-03
34 1.136183e-03 2.216307e-01 8.120331e-03 5.192804e-03
35 1.857100e-03 1.145309e+00 8.112012e-03 1.467154e-02
36 1.071102e-03 1.241481e-01 8.105464e-03 4.318791e-03
37 5.420535e-04 1.008687e-01 8.104859e-03 1.972524e-03
38 3.571073e-04 6.364911e-02 8.104568e-03 1.259217e-03
39 2.898600e-04 4.185417e-02 8.104334e-03 1.030574e-03
40 2.637079e-04 5.459564e-02 8.104079e-03 1.108872e-03
41 3.048624e-04 1.289041e-01 8.103578e-03 1.913865e-03
42 3.783034e-04 1.632279e-01 8.102880e-03 2.542272e-03
43 3.392933e-04 1.670224e-01 8.102158e-03 2.214349e-03
44 3.579193e-04 2.460141e-01 8.101501e-03 2.853527e-03
45 2.108396e-04 1.989243e-02 8.101191e-03 7.735914e-04
46 1.520206e-04 2.144884e-02 8.101039e-03 5.986998e-04
47 1.328839e-04 2.293178e-02 8.100889e-03 5.972420e-04
1 2.036712e+00 3.132235e+00 4.648739e-02 2.099629e+00
2 1.726506e+00 2.637806e+00 3.514706e-02 1.780330e+00
3 1.450869e+00 2.223803e+00 2.357404e-02 1.496543e+00
4 1.101267e+00 1.682881e+00 1.982411e-02 1.136465e+00
5 9.616954e-01 1.486289e+00 1.787010e-02 9.926859e-01
6 8.803566e-01 1.372815e+00 1.417962e-02 9.088693e-01
7 7.017698e-01 1.124760e+00 1.235294e-02 7.248307e-01
8 5.943007e-01 9.774007e-01 9.991331e-03 6.140495e-01
9 4.168749e-01 7.376426e-01 8.566031e-03 4.311434e-01
10 2.584668e-01 5.297362e-01 8.040789e-03 2.678203e-01
11 1.687710e-01 5.536251e-01 7.860682e-03 1.753963e-01
12 1.262664e-01 5.812983e-01 7.712014e-03 1.316862e-01
13 7.940593e-02 8.477185e-01 7.629748e-03 8.388388e-02
14 4.358443e-02 7.724882e-01 7.605615e-03 4.746081e-02
15 3.222555e-02 5.670169e-01 7.574439e-03 3.642979e-02
16 1.739313e-02 3.530286e-01 7.559604e-03 2.264433e-02
17 1.245540e-02 3.969230e-01 7.550304e-03 1.815386e-02
18 1.003343e-02 3.865137e-01 7.535319e-03 1.608813e-02
19 6.824355e-03 4.807762e-01 7.525258e-03 1.336042e-02
20 5.407675e-03 2.862163e-01 7.511535e-03 1.146323e-02
21 4.362198e-03 3.306377e-01 7.496252e-03 1.117392e-02
22 4.307258e-03 2.759255e-01 7.488252e-03 1.159891e-02
23 4.609445e-03 4.225853e-01 7.471354e-03 1.322737e-02
24 4.504376e-03 4.570468e-01 7.467398e-03 1.232638e-02
25 4.378272e-03 5.657179e-01 7.460522e-03 1.295524e-02
26 4.489051e-03 7.877539e-01 7.446074e-03 1.472390e-02
27 2.563082e-03 2.882369e-01 7.440616e-03 6.593781e-03
28 2.290012e-03 3.280509e-01 7.432284e-03 6.355284e-03
29 1.782928e-03 2.577242e-01 7.427730e-03 5.256825e-03
30 1.356161e-03 2.338076e-01 7.424666e-03 4.623071e-03
31 9.170496e-04 1.302320e-01 7.422943e-03 3.271703e-03
32 7.490830e-04 1.107471e-01 7.421876e-03 2.736049e-03
33 5.608184e-04 6.003503e-02 7.421349e-03 1.809875e-03
34 4.076536e-04 5.463259e-02 7.421057e-03 1.344386e-03
35 3.312131e-04 8.192206e-02 7.420765e-03 1.407530e-03
36 3.019174e-04 9.589400e-02 7.420414e-03 1.626285e-03
37 2.904544e-04 7.706715e-02 7.420045e-03 1.740677e-03
38 2.902139e-04 9.706997e-02 7.419645e-03 1.900512e-03
39 2.763901e-04 5.939864e-02 7.419332e-03 1.549667e-03
40 2.402458e-04 5.123457e-02 7.419114e-03 1.207619e-03
41 2.026769e-04 4.445996e-02 7.418914e-03 9.569378e-04
42 2.166286e-04 8.131694e-02 7.418576e-03 1.223565e-03
43 3.387832e-04 1.843808e-01 7.417437e-03 2.397468e-03
44 5.414021e-04 3.238163e-01 7.415226e-03 4.112153e-03
45 2.543460e-04 3.407572e-02 7.414545e-03 1.197634e-03
46 1.228772e-04 3.108600e-02 7.414415e-03 6.492995e-04
47 1.017625e-04 3.494016e-02 7.414282e-03 6.276179e-04
48 1.037911e-04 3.262865e-02 7.414133e-03 6.881895e-04
1 2.408287e+00 3.453540e+00 7.218398e-02 2.454854e+00
2 2.271567e+00 3.261373e+00 4.597891e-02 2.315626e+00
3 1.751733e+00 2.481617e+00 3.466061e-02 1.786108e+00
4 1.472035e+00 2.090719e+00 2.327813e-02 1.501189e+00
5 1.122988e+00 1.609197e+00 1.699832e-02 1.145656e+00
6 8.732924e-01 1.277772e+00 1.557063e-02 8.912675e-01
7 8.059587e-01 1.192965e+00 1.169890e-02 8.226439e-01
8 5.860252e-01 8.936875e-01 8.586297e-03 5.984998e-01
9 3.147304e-01 5.566889e-01 7.421267e-03 3.219790e-01
10 1.022261e-01 4.345403e-01 7.243491e-03 1.060539e-01
11 2.050189e-02 4.995171e-01 7.209589e-03 2.658436e-02
12 1.184172e-02 3.359782e-01 7.181503e-03 1.810321e-02
13 6.202052e-03 3.505634e-01 7.178180e-03 1.297686e-02
14 5.953353e-03 3.340044e-01 7.159192e-03 1.258804e-02
15 4.076386e-03 1.970783e-01 7.147164e-03 1.002207e-02
16 3.388904e-03 4.040502e-01 7.138769e-03 1.046406e-02
17 2.700623e-03 1.339575e-01 7.127676e-03 6.870246e-03
18 3.075244e-03 2.906799e-01 7.114235e-03 9.713690e-03
19 3.684543e-03 7.074791e-01 7.103032e-03 1.242546e-02
20 3.071865e-03 5.110550e-01 7.090798e-03 1.044379e-02
21 2.214571e-03 1.504405e-01 7.085333e-03 6.380372e-03
22 2.119292e-03 2.089834e-01 7.079907e-03 6.374192e-03
23 1.742495e-03 2.060474e-01 7.077205e-03 5.187928e-03
24 1.488431e-03 1.930695e-01 7.074278e-03 4.927900e-03
25 1.081526e-03 1.161366e-01 7.072127e-03 3.734974e-03
26 1.051974e-03 2.164610e-01 7.069406e-03 4.557967e-03
27 8.996505e-04 1.436329e-01 7.066980e-03 3.614076e-03
28 7.584644e-04 1.268861e-01 7.065495e-03 3.035533e-03
29 7.815744e-04 1.819617e-01 7.063785e-03 3.373002e-03
30 1.062490e-03 3.014713e-01 7.059958e-03 5.056854e-03
31 1.249008e-03 2.261510e-01 7.055099e-03 4.947643e-03
32 1.126191e-03 1.933781e-01 7.051854e-03 4.808712e-03
33 9.154963e-04 2.024190e-01 7.049794e-03 3.930430e-03
34 6.534524e-04 8.662739e-02 7.048903e-03 2.543330e-03
35 4.951285e-04 7.266862e-02 7.048401e-03 1.730459e-03
36 4.247919e-04 8.428655e-02 7.047872e-03 1.737909e-03
37 3.744399e-04 7.885700e-02 7.047393e-03 1.706645e-03
38 2.958716e-04 5.222826e-02 7.047088e-03 1.275527e-03
39 2.392147e-04 6.944703e-02 7.046851e-03 1.103259e-03
40 2.088471e-04 6.911712e-02 7.046643e-03 1.028818e-03
41 1.678638e-04 4.273244e-02 7.046490e-03 7.629123e-04
42 1.324400e-04 3.759573e-02 7.046357e-03 6.214926e-04
43 1.308556e-04 6.310055e-02 7.046197e-03 8.145600e-04
1 2.789245e+00 3.828722e+00 8.776570e-02 2.823865e+00
2 2.558382e+00 3.527332e+00 3.821149e-02 2.590286e+00
3 1.587128e+00 2.210587e+00 2.751551e-02 1.607400e+00
4 1.285350e+00 1.802714e+00 2.120531e-02 1.302000e+00
5 1.068289e+00 1.506896e+00 1.499144e-02 1.082304e+00
6 7.992336e-01 1.136893e+00 1.224860e-02 8.099528e-01
7 6.461572e-01 9.246226e-01 8.448258e-03 6.549745e-01
8 3.345281e-01 6.162946e-01 7.516128e-03 3.394625e-01
9 1.953399e-01 5.337928e-01 7.011657e-03 1.986599e-01
10 9.449200e-03 6.306312e-01 6.991480e-03 1.886166e-02
11 8.524671e-03 2.796806e-01 6.959708e-03 1.677989e-02
12 7.322265e-03 6.455941e-01 6.934457e-03 1.873116e-02
13 6.090044e-03 4.048145e-01 6.897688e-03 1.492584e-02
14 5.312636e-03 6.067536e-01 6.875003e-03 1.417847e-02
15 4.255616e-03 3.909993e-01 6.860643e-03 1.209739e-02
16 3.441131e-03 2.096357e-01 6.855480e-03 9.257621e-03
17 2.985120e-03 2.584157e-01 6.848153e-03 8.365073e-03
18 2.773724e-03 3.064213e-01 6.836448e-03 9.077093e-03
19 2.315186e-03 4.271729e-01 6.823864e-03 9.543966e-03
20 1.834166e-03 1.633864e-01 6.815116e-03 6.425097e-03
21 1.213159e-03 1.976974e-01 6.812681e-03 4.714573e-03
22 7.782041e-04 1.053245e-01 6.811703e-03 2.602198e-03
23 6.493357e-04 9.103161e-02 6.811223e-03 2.545440e-03
24 7.173185e-04 1.264218e-01 6.809794e-03 3.283169e-03
25 1.046688e-03 2.761631e-01 6.806500e-03 6.341426e-03
26 7.905071e-04 1.074609e-01 6.804205e-03 3.176924e-03
27 7.736974e-04 2.224335e-01 6.802519e-03 3.841110e-03
28 6.645535e-04 1.983632e-01 6.801260e-03 3.129499e-03
29 5.785554e-04 1.343270e-01 6.799976e-03 2.485854e-03
30 8.177656e-04 3.762286e-01 6.796612e-03 4.756890e-03
31 9.756082e-04 1.425650e-01 6.792863e-03 4.215950e-03
32 1.154223e-03 2.460528e-01 6.788379e-03 5.964607e-03
33 1.195845e-03 1.664525e-01 6.784465e-03 5.389770e-03
34 5.836366e-04 1.089826e-01 6.783525e-03 2.325602e-03
35 3.027616e-04 5.008922e-02 6.783129e-03 1.225885e-03
36 3.006677e-04 1.011497e-01 6.782144e-03 1.912549e-03
37 5.326852e-04 2.398243e-01 6.778242e-03 4.134003e-03
38 7.882242e-04 2.625640e-01 6.773709e-03 4.811473e-03
39 3.095228e-04 2.066252e-02 6.773015e-03 1.331555e-03
40 1.535999e-04 1.738978e-02 6.772887e-03 5.783860e-04
41 1.344891e-04 2.585081e-02 6.772751e-03 5.562127e-04
42 1.482183e-04 4.429446e-02 6.772558e-03 7.561491e-04
1 3.174831e+00 4.323370e+00 9.769122e-02 3.200700e+00
2 2.729661e+00 3.748734e+00 5.097370e-02 2.752065e+00
3 1.901825e+00 2.572143e+00 2.891701e-02 1.917720e+00
4 1.344905e+00 1.852747e+00 1.395039e-02 1.356407e+00
5 7.639808e-01 1.128428e+00 9.791502e-03 7.708679e-01
6 4.946783e-01 7.294886e-01 7.538120e-03 4.993836e-01
7 2.497126e-01 4.360900e-01 7.157012e-03 2.523575e-01
8 1.794090e-01 6.446216e-01 6.758434e-03 1.815877e-01
9 4.382213e-02 6.400289e-01 6.716507e-03 4.713742e-02
10 6.153433e-03 3.497561e-01 6.678953e-03 1.384329e-02
11 4.660342e-03 2.790751e-01 6.665941e-03 1.194537e-02
12 4.460638e-03 3.604215e-01 6.650959e-03 1.250412e-02
13 3.679240e-03 4.366040e-01 6.635824e-03 1.099722e-02
14 3.010362e-03 1.895726e-01 6.625532e-03 8.306573e-03
15 2.948676e-03 3.375162e-01 6.618207e-03 9.818108e-03
16 3.275134e-03 5.013554e-01 6.610691e-03 1.084931e-02
17 1.790332e-03 1.778151e-01 6.603255e-03 5.447753e-03
18 1.451596e-03 3.903982e-01 6.598054e-03 6.831426e-03
19 1.355224e-03 3.426010e-01 6.590028e-03 7.225507e-03
20 8.523355e-04 1.408365e-01 6.586331e-03 3.577931e-03
21 5.709000e-04 7.993366e-02 6.585413e-03 2.562303e-03
22 5.005806e-04 1.170078e-01 6.584553e-03 2.609700e-03
23 5.148633e-04 1.364883e-01 6.583555e-03 2.962051e-03
24 4.246931e-04 7.350209e-02 6.583014e-03 1.946660e-03
25 4.064378e-04 1.805676e-01 6.582308e-03 2.448489e-03
26 4.023749e-04 2.491195e-01 6.581400e-03 3.235619e-03
27 2.347511e-04 5.726179e-02 6.581120e-03 1.013761e-03
28 1.310121e-04 2.453397e-02 6.580986e-03 6.614476e-04
29 1.153200e-04 3.783891e-02 6.580840e-03 7.574426e-04
30 1.177228e-04 5.304204e-02 6.580674e-03 9.024371e-04
1 3.561775e+00 4.756580e+00 7.206262e-02 3.581229e+00
2 2.322269e+00 3.089194e+00 4.933497e-02 2.335150e+00
3 1.875343e+00 2.523111e+00 4.345778e-02 1.885880e+00
4 1.741249e+00 2.356103e+00 3.154078e-02 1.751078e+00
5 1.431415e+00 1.955497e+00 1.429589e-02 1.439601e+00
6 7.920792e-01 1.110986e+00 6.654536e-03 7.968547e-01
7 1.170216e-02 4.955966e-01 6.633206e-03 2.168328e-02
8 1.047700e-02 5.656089e-01 6.613140e-03 2.156856e-02
9 9.522412e-03 5.306556e-01 6.576545e-03 2.100277e-02
10 6.521417e-03 6.440536e-01 6.554539e-03 1.534715e-02
11 3.949651e-03 1.648573e-01 6.540869e-03 8.930375e-03
12 3.330232e-03 2.772866e-01 6.531235e-03 9.110025e-03
13 3.408232e-03 4.259310e-01 6.520418e-03 1.037838e-02
14 2.704106e-03 2.194474e-01 6.513567e-03 6.914281e-03
15 2.038420e-03 1.945418e-01 6.508233e-03 6.860247e-03
16 1.728839e-03 1.747445e-01 6.503791e-03 6.389407e-03
17 1.193330e-03 1.241207e-01 6.501655e-03 4.201301e-03
18 9.631839e-04 2.304593e-01 6.499700e-03 4.121617e-03
19 6.913901e-04 7.926540e-02 6.498496e-03 2.895555e-03
20 6.824981e-04 1.847860e-01 6.496602e-03 3.882502e-03
21 7.068066e-04 2.157701e-01 6.495052e-03 3.959162e-03
22 4.020358e-04 5.218946e-02 6.494200e-03 1.777184e-03
23 3.551877e-04 1.059686e-01 6.493664e-03 1.834776e-03
24 3.841950e-04 1.622162e-01 6.492866e-03 2.483048e-03
25 4.027728e-04 9.531144e-02 6.492019e-03 2.282672e-03
26 4.497165e-04 1.578086e-01 6.491190e-03 2.694363e-03
27 3.784128e-04 9.339865e-02 6.490697e-03 2.047818e-03
28 2.587894e-04 3.703585e-02 6.490446e-03 1.145410e-03
29 1.968932e-04 2.218463e-02 6.490243e-03 7.745899e-04
30 1.472646e-04 2.916779e-02 6.490052e-03 7.106936e-04
31 1.350637e-04 4.541153e-02 6.489852e-03 7.927735e-04
1 3.950244e+00 5.217785e+00 1.408969e-01 3.965042e+00
2 3.336661e+00 4.365736e+00 8.635147e-02 3.349236e+00
3 2.571044e+00 3.378982e+00 2.741488e-02 2.580837e+00
4 1.313194e+00 1.814772e+00 1.108721e-02 1.318385e+00
5 6.106480e-01 8.947117e-01 6.596314e-03 6.132602e-01
6 5.503199e-02 3.770466e-01 6.539546e-03 5.633860e-02
7 5.555121e-03 4.096474e-01 6.530909e-03 1.229288e-02
8 4.609136e-03 2.819698e-01 6.520884e-03 1.020214e-02
9 2.960487e-03 2.343773e-01 6.514154e-03 7.740738e-03
10 2.533033e-03 2.831192e-01 6.506738e-03 7.766048e-03
11 2.485879e-03 2.485389e-01 6.503454e-03 7.999814e-03
12 2.551995e-03 3.298454e-01 6.496374e-03 8.698997e-03
13 1.984326e-03 2.052839e-01 6.487351e-03 6.164814e-03
14 1.769114e-03 3.162804e-01 6.483386e-03 7.841961e-03
15 1.391398e-03 1.370172e-01 6.480159e-03 4.478824e-03
16 1.225754e-03 2.713421e-01 6.476470e-03 5.618037e-03
17 9.391682e-04 1.256840e-01 6.474524e-03 3.367890e-03
18 5.036527e-04 4.487763e-02 6.474220e-03 1.523965e-03
19 3.686218e-04 7.348485e-02 6.473993e-03 1.414121e-03
20 3.591791e-04 1.132471e-01 6.473626e-03 1.830584e-03
21 3.361571e-04 9.760978e-02 6.473281e-03 1.752671e-03
22 2.826989e-04 4.569669e-02 6.473089e-03 1.212494e-03
23 2.449930e-04 4.711759e-02 6.472938e-03 1.020709e-03
24 2.344232e-04 4.427919e-02 6.472801e-03 1.030102e-03
25 2.567572e-04 6.667430e-02 6.472628e-03 1.309524e-03
26 2.317402e-04 5.271152e-02 6.472502e-03 1.163026e-03
27 1.423660e-04 2.145507e-02 6.472457e-03 6.406625e-04
28 9.766056e-05 2.289289e-02 6.472418e-03 4.691597e-04
29 9.485600e-05 3.358206e-02 6.472346e-03 5.847305e-04
1 4.339409e+00 5.745083e+00 1.082349e-01 4.350604e+00
2 2.906567e+00 3.694886e+00 8.579808e-02 2.914142e+00
3 2.565749e+00 3.274117e+00 5.976407e-02 2.572482e+00
4 2.102203e+00 2.698352e+00 2.888599e-02 2.107792e+00
5 1.361409e+00 1.794452e+00 6.662947e-03 1.365136e+00
6 8.802957e-02 4.147565e-01 6.532356e-03 8.902642e-02
7 6.003494e-03 3.118383e-01 6.513743e-03 1.337781e-02
8 3.795687e-03 4.432193e-01 6.501843e-03 9.778836e-03
9 3.111568e-03 3.715853e-01 6.493162e-03 9.868390e-03
10 1.980060e-03 1.323430e-01 6.487462e-03 5.441870e-03
11 1.963075e-03 2.181341e-01 6.482276e-03 6.086318e-03
12 2.447990e-03 4.762059e-01 6.475936e-03 8.800703e-03
13 1.418984e-03 8.782019e-02 6.471367e-03 3.740200e-03
14 8.140412e-04 6.261310e-02 6.470596e-03 2.485955e-03
15 7.081128e-04 5.754581e-02 6.469873e-03 2.383992e-03
16 7.740860e-04 1.171705e-01 6.468449e-03 3.189316e-03
17 1.246064e-03 3.834391e-01 6.464852e-03 7.109954e-03
18 8.908728e-04 1.487299e-01 6.461248e-03 3.371632e-03
19 5.825518e-04 6.689490e-02 6.460747e-03 2.086433e-03
20 4.238819e-04 6.454383e-02 6.460470e-03 1.599005e-03
21 3.651345e-04 8.671531e-02 6.460290e-03 1.603790e-03
22 4.708218e-04 6.228760e-02 6.459869e-03 1.807982e-03
23 3.172132e-04 1.017716e-01 6.459559e-03 1.729838e-03
24 2.828066e-04 8.719747e-02 6.459320e-03 1.507892e-03
25 2.154092e-04 4.901573e-02 6.459213e-03 9.717313e-04
26 2.041421e-04 7.147814e-02 6.459090e-03 1.157447e-03
27 1.795168e-04 4.411411e-02 6.459016e-03 8.392371e-04
28 1.466945e-04 1.636443e-02 6.458980e-03 5.587886e-04
29 1.309625e-04 2.218714e-02 6.458947e-03 5.129895e-04
1 4.729198e+00 6.080219e+00 1.349084e-01 4.737787e+00
2 3.269138e+00 4.173063e+00 7.930576e-02 3.275133e+00
3 2.461109e+00 3.176757e+00 1.324734e-02 2.465692e+00
4 7.465438e-01 1.014827e+00 7.574116e-03 7.480996e-01
5 2.938419e-01 4.783749e-01 6.523860e-03 2.945944e-01
6 5.092344e-03 1.648487e-01 6.515229e-03 9.813582e-03
7 3.684145e-03 2.634907e-01 6.503000e-03 9.956954e-03
8 4.277017e-03 4.446106e-01 6.483491e-03 1.449693e-02
9 3.734446e-03 3.634008e-01 6.469271e-03 1.077125e-02
10 2.535939e-03 1.257922e-01 6.465478e-03 6.097905e-03
11 1.962661e-03 1.449307e-01 6.461141e-03 5.749005e-03
12 1.928242e-03 4.050678e-01 6.457570e-03 9.267393e-03
13 1.425815e-03 2.426279e-01 6.449030e-03 5.389492e-03
14 1.307321e-03 2.995976e-01 6.446611e-03 6.413778e-03
15 8.565087e-04 2.541646e-01 6.442877e-03 4.909692e-03
16 6.008114e-04 1.361916e-01 6.441700e-03 2.748947e-03
17 4.683344e-04 1.376577e-01 6.440936e-03 2.766939e-03
18 4.947800e-04 1.437990e-01 6.439882e-03 3.272173e-03
19 4.692228e-04 1.373137e-01 6.439092e-03 2.916409e-03
20 3.060902e-04 7.194758e-02 6.438813e-03 1.595191e-03
21 2.892406e-04 1.047368e-01 6.438455e-03 1.717775e-03
22 3.401935e-04 1.568060e-01 6.437766e-03 2.367058e-03
23 3.179367e-04 1.284094e-01 6.437202e-03 2.233366e-03
24 1.927561e-04 5.087800e-02 6.437051e-03 1.053732e-03
25 1.111355e-04 4.005350e-02 6.436993e-03 7.189580e-04
26 1.224207e-04 8.400431e-02 6.436800e-03 1.332840e-03
27 1.983898e-04 1.646262e-01 6.436200e-03 2.693657e-03
28 1.754027e-04 8.045355e-02 6.435746e-03 1.857240e-03
29 1.054413e-04 4.328085e-02 6.435624e-03 1.006044e-03
30 6.119071e-05 1.806835e-02 6.435600e-03 4.923680e-04
31 4.644270e-05 1.277200e-02 6.435589e-03 3.218360e-04
32 4.488736e-05 2.036764e-02 6.435574e-03 3.465919e-04
1 5.119438e+00 6.493371e+00 1.150440e-01 5.126135e+00
2 3.007669e+00 3.716681e+00 7.633077e-02 3.011663e+00
3 2.412278e+00 3.017131e+00 5.319700e-02 2.415532e+00
4 1.972557e+00 2.494856e+00 4.369052e-02 1.975260e+00
5 1.760311e+00 2.240578e+00 1.120256e-02 1.762742e+00
6 6.258412e-01 8.480072e-01 8.216830e-03 6.268299e-01
7 3.787605e-01 5.432596e-01 6.483917e-03 3.794217e-01
8 5.063773e-03 3.213858e-01 6.476132e-03 1.007235e-02
9 3.248365e-03 2.910036e-01 6.469672e-03 8.886710e-03
10 2.874904e-03 3.147458e-01 6.461916e-03 9.528227e-03
11 2.191829e-03 1.450726e-01 6.456989e-03 6.327866e-03
