1.322605e+00 1.019862e+00 2.496300e-01 9.907352e-01
1.231034e+00 1.009476e+00 3.676259e-01 9.941037e-01
1.227199e+00 1.006607e+00 4.617520e-01 9.946071e-01
1.226191e+00 1.005426e+00 5.026434e-01 9.948125e-01
1.225485e+00 1.004866e+00 5.197617e-01 9.949029e-01
1.226037e+00 1.004526e+00 5.548940e-01 9.949530e-01
1.227564e+00 1.004239e+00 5.841600e-01 9.950720e-01
1.228293e+00 1.004082e+00 6.003751e-01 9.950881e-01
1.229701e+00 1.004023e+00 6.033598e-01 9.951319e-01
1.230431e+00 1.004065e+00 5.980182e-01 9.950702e-01
1.230410e+00 1.004043e+00 5.884782e-01 9.951067e-01
1.230275e+00 1.004042e+00 5.778877e-01 9.951739e-01
