1.789568e+00 1.052734e+00 1.126863e-02 9.719168e-01
1.796926e+00 1.048051e+00 2.929138e-03 9.769286e-01
1.783751e+00 1.047378e+00 2.705690e-03 9.783700e-01
1.778174e+00 1.043565e+00 2.217556e-03 9.809078e-01
1.745741e+00 1.038729e+00 2.229945e-03 9.824454e-01
1.692719e+00 1.032355e+00 2.120049e-03 9.846160e-01
1.600003e+00 1.025938e+00 7.543894e-03 9.863059e-01
1.492049e+00 1.020614e+00 1.420116e-02 9.876627e-01
1.400908e+00 1.017657e+00 8.170335e-03 9.881124e-01
1.334675e+00 1.015826e+00 8.253110e-03 9.884462e-01
1.300095e+00 1.015184e+00 8.991531e-03 9.884885e-01
1.295943e+00 1.015242e+00 9.880380e-03 9.884940e-01
1.317655e+00 1.015504e+00 1.217477e-02 9.885761e-01
1.356661e+00 1.016419e+00 1.232886e-02 9.885786e-01
1.410079e+00 1.017527e+00 1.072992e-02 9.883693e-01
1.463188e+00 1.018805e+00 6.785563e-03 9.881087e-01
