1.004161e+00 1.000009e+00 9.984676e-01 9.999915e-01
1.004148e+00 1.000010e+00 9.983871e-01 9.999909e-01
1.004106e+00 1.000010e+00 9.983621e-01 9.999907e-01
1.004074e+00 1.000010e+00 9.983597e-01 9.999906e-01
1.004078e+00 1.000010e+00 9.983700e-01 9.999906e-01
1.004107e+00 1.000010e+00 9.983887e-01 9.999906e-01
1.004147e+00 1.000010e+00 9.984081e-01 9.999906e-01
1.004185e+00 1.000010e+00 9.984221e-01 9.999905e-01
1.004216e+00 1.000010e+00 9.984307e-01 9.999905e-01
1.034947e+00 1.000380e+00 9.632386e-01 9.995171e-01
1.067877e+00 1.001474e+00 9.265117e-01 9.982245e-01
1.147709e+00 1.004323e+00 8.411923e-01 9.957166e-01
1.170412e+00 1.008648e+00 8.098600e-01 9.926277e-01
1.215809e+00 1.014798e+00 7.926787e-01 9.889628e-01
1.206897e+00 1.020429e+00 7.928292e-01 9.861117e-01
1.282998e+00 1.025619e+00 7.816824e-01 9.837411e-01
1.359161e+00 1.029025e+00 7.883628e-01 9.828017e-01
1.399268e+00 1.031435e+00 7.819068e-01 9.824776e-01
1.428091e+00 1.032903e+00 7.780927e-01 9.827241e-01
1.455117e+00 1.034599e+00 7.679528e-01 9.826203e-01
1.461538e+00 1.034209e+00 7.713725e-01 9.835758e-01
1.451674e+00 1.032922e+00 7.761071e-01 9.845815e-01
1.433504e+00 1.029734e+00 7.774973e-01 9.858571e-01
