1 6.927698e-03 1.355078e-02 6.104659e+01 7.336727e-03
2 2.123818e-03 5.739264e-03 1.249254e+01 2.259379e-03
3 1.200063e-03 4.715791e-03 3.088209e+00 1.362530e-03
4 2.346804e-02 2.163867e-02 1.634238e+00 2.347240e-02
5 6.746576e-03 8.852135e-03 1.030059e+00 6.755794e-03
6 4.479985e-01 4.277279e-01 9.845455e-01 4.480008e-01
7 7.985232e-02 6.806206e-02 6.408667e-01 7.985373e-02
8 2.897030e-03 4.064717e-03 5.875403e-01 2.909985e-03
9 1.410226e-01 1.900080e-01 5.653958e-01 1.410396e-01
10 7.020283e-02 6.020611e-02 5.404025e-01 7.020424e-02
11 1.632886e-01 2.426923e-01 5.351898e-01 1.633176e-01
12 5.256668e-01 4.408015e-01 5.168230e-01 5.256670e-01
13 9.569478e-02 1.755546e+02 5.138813e-01 2.870781e+00
14 4.375763e-02 3.267538e-02 5.025435e-01 4.376309e-02
15 1.702503e-01 1.391441e-01 4.992453e-01 1.702507e-01
16 2.169828e-01 1.973386e-01 4.867398e-01 2.169840e-01
17 9.994749e-01 8.374957e-01 4.804550e-01 9.994750e-01
18 1.941596e-01 1.814280e-01 4.695476e-01 1.941608e-01
19 1.115109e-02 1.236818e-02 4.678889e-01 1.117449e-02
20 1.846790e-01 5.277401e+02 4.677431e-01 7.747538e+00
21 4.154006e-01 1.844788e+03 4.656165e-01 2.546616e+01
22 1.831848e-02 2.486744e-02 4.640463e-01 1.833143e-02
23 7.306125e-02 1.214385e+02 4.576248e-01 1.864672e+00
24 1.628575e-03 5.162883e-03 4.551423e-01 1.745709e-03
25 1.649822e-01 8.954206e+02 4.539351e-01 8.566019e+00
26 6.158631e-03 9.953700e-03 4.537972e-01 6.176070e-03
27 1.745275e-01 6.980218e+02 4.513956e-01 1.044331e+01
28 1.061276e-02 1.243729e-02 4.305848e-01 1.062151e-02
29 1.131433e-02 1.509582e-02 4.288067e-01 1.133367e-02
30 7.137681e-01 6.494010e-01 4.276004e-01 7.137682e-01
31 6.004553e-02 2.468870e+02 4.275465e-01 2.356127e+00
32 7.602461e-02 2.655583e+02 4.274813e-01 3.460050e+00
33 5.815300e-02 2.524176e+02 4.273608e-01 2.386776e+00
34 3.993910e-02 5.894914e+01 4.273518e-01 8.449897e-01
35 4.119723e-02 1.060941e+02 4.273456e-01 1.068904e+00
36 4.528367e-02 9.778750e+01 4.273287e-01 1.238994e+00
37 4.348818e-02 1.215585e+02 4.272968e-01 1.229017e+00
38 4.209530e-02 7.820455e+01 4.272609e-01 1.027323e+00
39 3.674273e-02 6.937210e+01 4.272318e-01 7.662928e-01
40 3.461101e-02 3.244976e+01 4.272190e-01 5.721253e-01
41 3.641241e-03 6.194347e-03 4.260315e-01 3.654072e-03
42 4.602570e-02 1.280734e+02 4.260168e-01 1.438647e+00
43 3.216873e-02 2.709468e+01 4.260133e-01 4.999685e-01
44 4.231542e-02 9.183780e+01 4.260040e-01 1.105912e+00
45 3.040181e-02 2.567045e+01 4.260017e-01 4.334945e-01
46 4.912160e-02 1.422056e+02 4.259828e-01 1.627865e+00
47 3.096169e-02 2.757420e+01 4.259784e-01 4.602178e-01
48 4.008414e-02 7.937223e+01 4.259771e-01 9.689318e-01
49 4.214807e-02 1.148683e+02 4.259769e-01 1.185393e+00
50 4.620245e-02 1.210021e+02 4.259766e-01 1.406717e+00
51 4.752904e-02 1.561242e+02 4.259744e-01 1.579142e+00
52 4.942070e-02 1.410547e+02 4.259684e-01 1.637696e+00
53 4.720718e-02 1.524892e+02 4.259596e-01 1.550732e+00
54 4.546996e-02 1.143587e+02 4.259500e-01 1.348382e+00
55 4.103602e-02 1.045352e+02 4.259415e-01 1.100153e+00
56 3.860324e-02 6.874991e+01 4.259344e-01 8.702825e-01
57 3.498463e-02 5.916482e+01 4.259284e-01 6.893117e-01
58 3.362309e-02 3.515480e+01 4.259270e-01 5.629296e-01
59 4.055977e-02 1.010695e+02 4.259176e-01 1.070163e+00
60 3.721433e-02 5.996142e+01 4.259107e-01 7.835511e-01
61 3.335769e-02 4.743027e+01 4.259102e-01 5.933224e-01
62 4.203488e-02 9.218305e+01 4.258994e-01 1.113135e+00
63 3.593384e-02 6.648463e+01 4.258923e-01 7.553655e-01
64 3.323623e-02 3.364120e+01 4.258893e-01 5.477504e-01
65 3.873965e-02 8.746426e+01 4.258799e-01 9.472766e-01
66 3.461591e-02 4.339098e+01 4.258738e-01 6.281834e-01
67 3.098534e-02 3.055542e+01 4.258678e-01 4.714660e-01
68 3.595016e-02 5.278997e+01 4.258609e-01 7.125783e-01
69 3.160623e-02 3.524665e+01 4.258560e-01 5.024173e-01
70 3.718149e-02 6.138019e+01 4.258480e-01 7.943447e-01
71 3.208718e-02 3.890212e+01 4.258440e-01 5.286051e-01
72 3.802315e-02 6.727262e+01 4.258352e-01 8.524903e-01
73 3.227899e-02 4.044524e+01 4.258314e-01 5.402172e-01
74 3.819623e-02 6.870239e+01 4.258221e-01 8.666300e-01
75 3.209250e-02 3.924649e+01 4.258179e-01 5.312937e-01
76 3.759809e-02 6.506889e+01 4.258090e-01 8.295314e-01
77 3.156429e-02 3.560077e+01 4.258039e-01 5.045948e-01
78 3.638540e-02 5.741271e+01 4.257959e-01 7.530961e-01
79 3.083480e-02 3.054448e+01 4.257898e-01 4.697242e-01
80 3.487145e-02 4.775863e+01 4.257895e-01 6.605016e-01
81 4.036278e-02 1.001927e+02 4.257757e-01 1.076596e+00
82 3.292818e-02 3.507064e+01 4.257715e-01 5.489465e-01
83 3.653825e-02 7.209630e+01 4.257622e-01 8.138361e-01
84 3.105531e-02 2.442810e+01 4.257621e-01 4.568001e-01
85 4.312319e-02 1.207280e+02 4.257426e-01 1.278094e+00
86 3.294642e-02 3.604420e+01 4.257380e-01 5.548381e-01
87 3.597360e-02 6.820051e+01 4.257287e-01 7.805640e-01
88 3.013817e-02 2.424961e+01 4.257221e-01 4.218206e-01
89 3.896746e-02 9.019677e+01 4.257086e-01 9.879983e-01
90 3.077870e-02 2.413861e+01 4.257069e-01 4.499386e-01
91 4.148433e-02 1.087253e+02 4.256886e-01 1.168262e+00
92 3.099522e-02 2.454939e+01 4.256886e-01 4.617318e-01
93 4.205669e-02 1.128948e+02 4.256684e-01 1.211474e+00
94 3.051455e-02 2.391808e+01 4.256649e-01 4.421003e-01
95 3.997093e-02 9.768631e+01 4.256482e-01 1.066306e+00
96 2.955804e-02 2.380859e+01 4.256393e-01 4.056805e-01
97 3.638359e-02 7.197223e+01 4.256375e-01 8.218272e-01
98 4.032405e-02 8.545018e+01 4.256206e-01 1.048830e+00
99 2.837970e-02 2.365624e+01 4.256093e-01 3.815996e-01
100 4.310861e-02 1.027527e+02 4.255857e-01 1.247850e+00
101 2.823224e-02 2.346116e+01 4.255736e-01 3.777388e-01
102 4.218271e-02 9.778143e+01 4.255726e-01 1.190603e+00
103 4.371289e-02 1.240375e+02 4.255679e-01 1.337592e+00
104 4.474332e-02 1.114498e+02 4.255570e-01 1.366653e+00
105 4.259486e-02 1.146286e+02 4.255424e-01 1.255427e+00
1 2.643431e-02 5.235973e-02 5.474553e+00 2.847046e-02
2 1.117311e-02 1.965473e-02 3.463911e+00 1.205147e-02
3 4.601158e-03 1.009261e-02 2.936369e+00 5.018492e-03
4 3.373774e-03 8.982431e-03 2.687315e+00 3.732318e-03
5 2.572903e-03 7.456109e-03 2.541212e+00 2.884506e-03
6 1.996214e-03 5.888731e-03 2.447439e+00 2.269568e-03
7 1.559695e-03 4.793445e-03 2.384046e+00 1.811974e-03
8 1.228560e-03 4.354877e-03 2.339767e+00 1.464958e-03
9 9.790035e-04 4.152270e-03 2.307951e+00 1.207021e-03
10 7.942388e-04 3.935450e-03 2.284380e+00 1.015871e-03
11 6.564937e-04 3.733684e-03 2.266354e+00 8.732251e-04
12 5.540795e-04 3.500939e-03 2.252123e+00 7.640167e-04
13 4.759659e-04 3.264973e-03 2.240554e+00 6.806504e-04
14 4.173795e-04 3.020100e-03 2.230918e+00 6.137153e-04
15 3.721152e-04 2.793670e-03 2.222728e+00 5.611605e-04
16 3.395110e-04 2.571533e-03 2.215642e+00 5.186012e-04
17 3.139793e-04 2.452678e-03 2.209414e+00 4.837655e-04
18 2.939091e-04 2.350996e-03 2.203870e+00 4.545644e-04
19 2.775807e-04 2.253617e-03 2.198888e+00 4.301661e-04
20 2.643121e-04 2.155424e-03 2.194378e+00 4.093816e-04
21 2.530288e-04 2.135049e-03 2.190270e+00 3.914129e-04
22 2.424853e-04 2.138072e-03 2.186505e+00 3.761563e-04
23 2.351310e-04 2.117375e-03 2.183035e+00 3.620816e-04
24 2.278152e-04 2.098998e-03 2.179819e+00 3.499361e-04
25 2.212305e-04 2.072652e-03 2.176822e+00 3.392729e-04
26 2.159756e-04 2.035475e-03 2.174014e+00 3.296932e-04
27 2.110235e-04 1.984588e-03 2.171370e+00 3.208600e-04
28 2.070332e-04 1.925277e-03 2.168872e+00 3.126829e-04
29 2.030179e-04 1.862866e-03 2.166501e+00 3.054479e-04
30 1.991978e-04 1.795316e-03 2.164245e+00 2.988682e-04
31 1.968990e-04 1.712792e-03 2.162093e+00 2.921200e-04
32 1.938342e-04 1.633696e-03 2.160034e+00 2.862580e-04
33 1.913685e-04 1.551985e-03 2.158062e+00 2.805982e-04
34 1.886261e-04 1.470197e-03 2.156170e+00 2.755248e-04
35 1.874467e-04 1.381848e-03 2.154351e+00 2.702247e-04
36 1.856370e-04 1.301939e-03 2.152600e+00 2.655695e-04
37 1.841307e-04 1.285687e-03 2.150912e+00 2.611849e-04
38 1.819380e-04 1.275546e-03 2.149282e+00 2.573611e-04
39 1.809886e-04 1.262144e-03 2.147706e+00 2.536437e-04
40 1.799061e-04 1.244543e-03 2.146180e+00 2.502558e-04
41 1.786777e-04 1.222045e-03 2.144699e+00 2.473429e-04
42 1.777214e-04 1.193724e-03 2.143261e+00 2.446831e-04
43 1.768439e-04 1.161490e-03 2.141863e+00 2.422857e-04
44 1.757968e-04 1.129671e-03 2.140502e+00 2.401553e-04
45 1.748085e-04 1.095862e-03 2.139175e+00 2.382556e-04
46 1.740289e-04 1.059456e-03 2.137882e+00 2.364337e-04
47 1.729941e-04 1.022545e-03 2.136620e+00 2.347780e-04
48 1.724538e-04 9.892709e-04 2.135388e+00 2.330915e-04
49 1.712827e-04 9.564482e-04 2.134184e+00 2.316232e-04
50 1.704459e-04 9.227338e-04 2.133009e+00 2.300606e-04
51 1.691411e-04 8.935090e-04 2.131861e+00 2.287208e-04
52 1.680942e-04 8.617651e-04 2.130740e+00 2.270853e-04
53 1.674163e-04 8.336958e-04 2.129645e+00 2.253898e-04
54 1.658456e-04 8.032188e-04 2.128575e+00 2.236156e-04
55 1.646790e-04 8.104984e-04 2.127530e+00 2.219629e-04
56 1.630426e-04 8.141507e-04 2.126510e+00 2.201145e-04
57 1.618418e-04 8.159552e-04 2.125515e+00 2.181872e-04
58 1.601584e-04 8.172081e-04 2.124543e+00 2.162010e-04
59 1.586717e-04 8.134475e-04 2.123594e+00 2.141797e-04
60 1.569274e-04 8.101458e-04 2.122669e+00 2.121292e-04
61 1.559560e-04 7.999076e-04 2.121766e+00 2.097853e-04
62 1.544183e-04 7.873596e-04 2.120886e+00 2.075160e-04
63 1.523968e-04 7.755035e-04 2.120028e+00 2.052207e-04
64 1.513463e-04 7.611428e-04 2.119191e+00 2.028908e-04
65 1.496802e-04 7.401642e-04 2.118375e+00 2.003711e-04
66 1.479745e-04 7.218094e-04 2.117580e+00 1.979187e-04
67 1.462509e-04 6.977929e-04 2.116805e+00 1.951990e-04
68 1.445408e-04 6.766480e-04 2.116049e+00 1.926123e-04
69 1.433288e-04 6.610500e-04 2.115311e+00 1.901414e-04
70 1.418631e-04 6.492719e-04 2.114592e+00 1.874387e-04
71 1.401585e-04 6.393144e-04 2.113890e+00 1.849181e-04
72 1.387600e-04 6.249398e-04 2.113205e+00 1.822831e-04
73 1.373012e-04 6.089316e-04 2.112536e+00 1.795810e-04
74 1.360619e-04 5.932299e-04 2.111882e+00 1.770551e-04
75 1.346741e-04 5.786060e-04 2.111243e+00 1.745613e-04
76 1.333144e-04 5.616823e-04 2.110618e+00 1.721092e-04
77 1.316950e-04 5.452722e-04 2.110006e+00 1.696646e-04
78 1.308045e-04 5.284299e-04 2.109407e+00 1.674785e-04
79 1.296164e-04 5.177626e-04 2.108821e+00 1.652025e-04
80 1.281984e-04 5.081875e-04 2.108246e+00 1.628952e-04
81 1.274082e-04 4.969244e-04 2.107683e+00 1.609418e-04
82 1.261241e-04 4.865458e-04 2.107130e+00 1.588979e-04
83 1.248715e-04 4.760324e-04 2.106588e+00 1.568314e-04
84 1.239159e-04 4.662431e-04 2.106055e+00 1.550050e-04
85 1.231350e-04 4.594464e-04 2.105533e+00 1.533166e-04
86 1.220401e-04 4.500578e-04 2.105019e+00 1.515010e-04
87 1.211347e-04 4.383270e-04 2.104514e+00 1.498221e-04
88 1.202263e-04 4.303369e-04 2.104018e+00 1.483628e-04
89 1.191150e-04 4.224815e-04 2.103530e+00 1.466491e-04
1 1.183543e-04 4.146792e-04 2.103049e+00 1.452266e-04
2 1.172479e-04 4.080710e-04 2.102577e+00 1.437040e-04
